20
55 83 28 6 88 52 66 11 5 88 -1 47 29 23 61 82 -1 65 89 83 
   59 46 78 44 10 -1 36 20 58 11 6 35 57 44 82 -1 49 27 68 
      12 50 -1 24 62 74 3 72 77 83 50 79 22 38 11 27 -1 49 
         1 -1 80 21 14 54 59 27 -1 10 16 69 28 90 11 33 12 
            58 -1 25 1 -1 17 89 -1 87 80 21 26 27 44 22 61 
               70 46 3 69 42 69 21 11 -1 84 74 70 56 24 73 
                  52 -1 66 7 46 -1 60 52 61 11 16 67 12 72 
                     11 -1 39 51 1 28 73 -1 85 59 45 31 51 
                        25 60 72 -1 55 -1 86 40 9 58 67 2 
                           30 65 25 24 30 60 79 15 73 -1 33 
                              88 3 9 81 18 50 20 -1 64 -1 
                                 53 52 82 43 64 26 -1 41 35 
                                    62 57 -1 62 55 53 -1 78 
                                       18 1 44 87 20 23 25 
                                          84 30 55 50 82 82 
                                             -1 46 66 79 -1 
                                                41 60 24 64 
                                                   15 25 50 
                                                      34 84 
                                                         38 