50
74 69 16 79 76 66 90 71 1 45 6 83 75 33 23 78 78 -1 49 -1 -1 70 65 38 83 5 3 88 24 84 84 28 -1 81 27 58 78 48 30 36 34 1 63 39 -1 3 35 18 38 68 
13 56 87 53 78 77 86 13 89 19 14 48 16 -1 46 6 71 5 4 88 17 28 4 9 13 55 8 8 -1 42 20 79 50 18 61 -1 63 11 26 44 1 27 47 44 51 68 55 73 36 
79 79 48 68 18 25 43 88 48 47 73 -1 39 6 19 -1 27 -1 29 88 85 17 79 39 8 77 58 64 50 3 88 42 23 2 16 42 9 21 58 15 71 38 32 16 23 38 -1 66 
6 51 51 36 14 80 58 78 43 -1 65 15 39 -1 -1 30 13 89 35 8 25 56 84 87 4 87 59 47 87 62 39 12 22 -1 31 42 12 -1 9 38 14 74 85 12 84 41 32 
30 -1 54 86 58 29 44 73 54 67 33 84 53 70 4 50 75 81 53 83 82 52 83 12 42 14 26 51 68 80 19 14 14 44 46 -1 15 1 82 86 58 76 59 12 75 34 
15 14 7 78 69 84 27 -1 -1 57 44 37 19 73 69 -1 13 28 83 66 67 27 48 -1 77 61 -1 22 30 26 1 74 37 61 7 17 2 61 41 7 -1 -1 17 -1 35 
18 49 15 63 55 81 59 51 3 49 73 32 12 63 80 8 57 55 13 -1 45 81 -1 72 64 49 89 72 71 16 -1 7 -1 62 8 -1 57 42 46 11 29 77 37 40 
23 74 7 86 8 75 8 55 75 42 43 36 32 78 81 65 84 60 29 28 -1 38 71 16 83 17 61 39 89 72 12 46 19 7 68 -1 13 56 74 4 36 58 -1 
8 64 26 28 56 16 47 30 51 12 16 -1 44 -1 6 28 26 1 66 15 38 43 39 78 25 13 44 90 58 24 12 5 32 -1 25 23 89 60 -1 88 39 66 
65 -1 23 88 81 84 69 16 12 -1 46 54 36 56 43 80 6 19 -1 50 77 -1 76 85 64 15 25 16 43 27 40 39 62 88 81 34 54 48 88 19 15 
-1 -1 42 54 15 28 -1 46 38 82 9 42 47 22 67 -1 65 28 12 74 1 70 46 25 21 12 86 10 68 74 84 69 8 -1 63 38 31 30 64 39 
60 16 83 69 -1 -1 51 66 17 31 78 15 69 82 40 21 -1 6 64 59 71 -1 12 -1 29 8 56 -1 27 62 34 17 77 73 13 32 83 9 57 
20 -1 34 88 79 12 76 63 24 67 50 5 34 17 63 86 30 83 86 62 74 -1 -1 88 60 57 25 87 90 -1 62 29 49 -1 90 86 56 38 
75 55 28 73 4 20 69 83 32 76 69 37 59 49 79 29 90 28 9 26 11 8 28 56 84 24 67 3 55 68 50 -1 2 50 80 85 85 
69 19 77 37 67 16 89 75 48 78 45 90 35 24 87 37 -1 2 54 43 71 53 83 -1 14 58 77 77 67 4 84 42 10 58 44 61 
26 4 83 20 88 83 52 84 85 19 64 67 51 15 21 -1 31 53 54 56 -1 12 80 82 75 12 14 48 19 36 87 55 50 78 51 
73 73 13 20 34 58 68 69 68 36 85 12 24 8 45 80 31 36 52 -1 22 3 51 75 14 45 88 -1 75 42 65 20 78 74 
13 6 5 -1 23 88 3 21 42 63 74 60 51 -1 36 79 -1 -1 -1 61 47 37 62 -1 83 61 45 80 -1 77 11 28 28 
52 3 85 86 39 36 29 6 2 27 42 75 29 79 8 -1 86 12 83 21 62 4 8 30 74 54 9 -1 68 29 1 16 
3 80 88 -1 74 -1 83 -1 80 62 74 28 88 58 3 9 77 69 50 46 -1 16 29 25 70 47 27 -1 14 2 59 
73 50 16 6 84 56 63 30 18 53 68 7 38 18 70 56 90 62 63 65 21 39 70 14 24 69 59 -1 28 -1 
79 53 31 16 9 25 2 19 -1 61 81 77 83 65 62 35 36 83 57 14 38 18 2 47 -1 17 31 -1 80 
9 58 81 39 52 55 26 40 61 19 26 83 24 61 20 22 49 44 -1 25 6 43 72 72 22 67 19 79 
44 10 36 57 21 13 -1 38 2 33 -1 77 24 37 84 32 76 70 61 -1 84 58 37 72 5 6 85 
44 32 2 2 38 16 42 79 57 56 79 37 88 73 85 30 77 -1 25 60 22 5 51 85 54 -1 
25 82 -1 -1 -1 78 14 13 37 43 28 79 13 45 -1 39 13 68 43 88 83 22 3 40 64 
45 9 72 -1 88 70 87 71 84 36 90 14 47 48 10 78 61 74 5 -1 18 63 56 3 
4 66 29 16 82 76 75 73 65 23 34 19 4 33 15 77 28 56 -1 13 8 87 21 
60 42 -1 64 32 68 34 35 2 59 48 65 29 58 36 47 4 85 41 25 -1 46 
87 -1 48 57 62 46 20 90 37 33 30 80 76 29 16 33 88 58 47 44 14 
10 2 20 31 -1 58 3 88 86 47 73 13 39 22 23 25 -1 -1 3 59 
88 66 6 25 42 90 51 34 64 52 79 80 59 10 1 51 73 70 88 
75 56 75 55 6 -1 57 68 74 13 53 65 43 73 -1 62 9 71 
4 30 4 -1 26 55 68 76 77 48 -1 21 70 4 14 21 85 
36 5 53 41 -1 50 16 25 2 74 13 33 4 22 21 2 
43 28 17 5 57 76 10 83 85 -1 51 8 82 23 44 
71 17 2 74 63 72 -1 27 16 26 29 52 51 13 
22 43 63 18 87 88 -1 59 -1 31 89 25 56 
17 75 76 24 80 43 66 45 35 -1 35 28 
26 28 45 61 72 58 80 -1 -1 9 57 
25 41 17 50 39 7 32 2 60 45 
69 -1 3 61 35 45 37 64 -1 
8 53 26 35 69 25 88 88 
74 8 2 75 17 56 88 
-1 45 47 61 65 21 
17 84 26 82 9 
60 -1 51 48 
35 32 87 
63 72 
-1 
