150
58 36 70 25 4 32 51 69 54 97 69 51 54 19 19 52 90 35 89 70 86 85 66 74 13 9 93 52 75 -1 94 29 22 85 92 93 21 21 43 24 21 85 94 48 82 79 78 50 44 -1 71 43 51 19 88 28 71 85 76 92 68 30 12 36 39 73 31 77 27 22 33 83 14 80 63 49 21 54 -1 18 30 82 56 69 50 73 27 -1 29 37 25 15 6 30 11 23 43 27 42 79 58 84 9 1 66 15 29 79 82 28 29 37 67 89 78 18 70 44 88 33 4 67 26 28 60 12 55 17 20 61 23 18 86 15 5 18 80 76 -1 64 66 48 39 26 64 42 76 82 40 55 
73 87 97 37 21 32 3 70 1 1 80 32 25 72 91 71 34 60 17 59 50 7 22 74 69 83 57 33 78 57 6 53 84 83 59 80 55 80 50 70 41 51 95 22 75 47 17 42 27 47 47 85 97 48 97 84 46 91 69 80 90 25 -1 79 87 86 92 72 24 57 12 66 96 51 76 82 84 60 79 26 97 -1 18 7 50 9 79 6 74 93 80 89 90 13 21 9 8 21 23 82 52 52 37 42 15 31 -1 46 15 53 42 21 59 68 97 -1 13 10 33 53 19 65 46 40 51 7 28 27 43 26 45 90 72 8 91 89 43 45 -1 84 45 83 40 27 28 92 45 40 19 
72 17 64 67 62 21 72 57 27 34 84 56 -1 40 18 38 37 7 41 40 69 57 72 56 77 11 50 3 72 7 22 9 25 51 94 23 11 94 38 57 37 69 30 16 43 52 94 68 81 77 63 5 46 68 47 17 64 -1 39 81 87 8 77 97 13 87 77 57 75 70 66 45 78 5 13 45 37 16 87 27 2 93 10 62 75 63 14 37 4 96 22 33 60 3 31 39 41 55 54 51 69 26 49 23 17 69 89 60 46 47 1 26 7 46 36 62 85 46 64 87 89 44 42 21 90 10 1 75 42 47 18 54 46 62 45 90 13 54 63 70 69 11 43 41 30 6 87 93 
53 61 49 43 80 38 13 7 70 76 43 68 1 73 23 28 20 77 81 16 18 48 16 33 -1 25 88 23 64 78 73 1 2 60 65 27 88 81 56 29 30 28 37 27 35 76 67 46 29 14 34 42 23 16 61 64 5 82 31 -1 79 74 29 74 12 23 14 66 54 48 66 9 69 30 58 38 93 52 79 4 44 9 -1 79 17 19 13 4 71 25 93 4 77 26 42 80 76 47 36 96 26 70 69 16 82 14 36 69 57 78 87 -1 28 61 49 12 11 73 74 37 97 90 55 20 95 16 88 60 -1 90 77 76 44 12 38 82 59 58 21 40 89 41 66 83 -1 27 50 
75 -1 81 -1 5 35 24 27 70 68 65 88 54 34 97 38 39 81 9 4 26 16 11 27 29 20 72 67 48 88 41 76 75 18 79 13 36 17 64 16 84 39 15 61 22 50 13 95 27 47 6 -1 42 87 48 64 70 58 44 63 14 -1 23 91 65 80 11 56 60 41 78 34 84 36 8 58 35 1 64 47 26 45 42 31 37 54 -1 42 62 19 54 50 60 93 82 81 42 18 93 85 22 70 68 6 21 42 92 11 58 31 3 70 20 49 60 24 29 37 11 -1 70 77 4 97 20 55 77 10 6 -1 86 81 47 75 64 8 95 70 60 42 42 37 41 96 54 61 
20 80 32 84 43 4 75 70 6 40 93 77 2 50 30 76 33 79 65 96 39 62 42 90 59 29 29 88 75 22 76 96 35 47 62 6 67 63 34 3 53 14 31 31 24 70 95 44 27 69 8 89 13 45 54 39 93 62 43 32 74 32 43 43 69 43 82 83 25 82 11 8 41 79 50 43 40 12 47 69 3 44 53 23 50 38 12 62 86 20 20 86 63 73 22 41 95 70 58 70 72 24 52 58 41 24 2 84 50 25 34 46 61 22 68 -1 52 23 14 35 9 36 73 94 39 54 11 82 93 18 90 78 46 91 42 41 65 93 21 43 33 37 43 36 20 
57 -1 58 39 45 16 95 63 18 11 15 15 58 75 51 10 61 49 74 77 90 61 93 32 73 31 60 56 66 59 89 54 86 43 30 27 29 64 12 37 57 -1 74 49 97 14 58 40 77 48 -1 31 12 80 56 65 3 29 25 50 24 66 68 69 16 46 70 89 31 90 64 69 89 76 61 16 -1 83 8 45 85 63 69 51 77 25 20 34 91 46 25 68 32 30 -1 17 7 77 79 31 50 36 9 97 42 33 37 45 65 79 87 73 86 81 72 92 90 85 73 60 56 75 -1 62 58 40 70 49 4 73 88 1 53 93 58 22 83 48 80 83 92 60 57 -1 
84 18 16 28 86 57 26 48 16 85 95 5 80 23 24 62 51 70 35 95 25 92 75 40 10 39 77 19 12 72 95 87 39 62 12 8 29 69 26 78 14 74 14 44 69 -1 38 29 90 67 74 78 14 36 1 28 48 29 48 54 83 11 49 81 6 81 47 24 89 96 54 88 11 62 41 87 30 30 43 32 10 96 83 20 25 32 61 29 59 20 54 11 70 22 20 55 63 81 16 24 18 24 72 -1 5 15 2 43 47 4 13 93 24 79 54 23 44 76 29 -1 73 92 61 59 81 3 93 61 24 65 26 56 90 65 -1 92 36 46 34 96 47 80 59 
42 94 36 54 51 72 17 23 32 10 41 90 17 23 87 70 17 13 43 18 86 36 -1 82 -1 59 39 21 78 89 38 64 60 19 24 54 30 49 63 10 52 25 68 36 70 96 39 68 60 83 10 39 32 83 81 7 -1 78 90 82 57 87 81 77 7 85 70 79 30 67 16 79 32 26 56 31 86 33 45 88 26 32 77 52 16 38 56 36 68 40 38 90 16 48 60 83 96 21 9 76 90 28 75 31 59 -1 68 68 78 29 95 43 64 84 68 60 67 1 21 96 64 36 52 38 82 1 69 61 41 43 11 54 86 47 88 81 96 39 46 45 65 44 
95 30 56 23 76 21 9 47 86 35 17 76 8 51 79 97 54 85 24 2 -1 26 4 81 59 75 27 56 72 5 96 43 17 5 53 23 68 93 66 11 38 94 36 48 4 43 12 9 83 -1 41 59 23 6 38 59 86 26 67 28 97 19 15 45 29 70 49 22 74 52 76 48 21 7 75 10 22 88 72 49 53 71 17 26 -1 51 39 48 20 22 1 43 -1 39 18 7 44 69 84 49 43 90 35 11 33 47 27 89 72 23 28 93 71 21 68 94 49 30 28 16 26 9 30 -1 32 60 77 68 29 96 8 65 68 38 7 27 38 59 69 65 91 
87 37 87 54 21 82 4 50 76 68 21 15 36 54 11 18 -1 66 81 90 77 72 68 87 40 66 35 21 3 34 -1 74 72 48 97 38 14 43 92 48 32 62 25 4 86 2 86 49 17 51 7 77 74 46 33 75 72 77 20 6 81 7 34 53 4 45 54 38 11 71 54 22 83 63 3 12 37 63 8 10 86 44 64 48 57 41 84 7 71 48 14 1 53 56 51 92 28 -1 22 66 95 21 80 97 6 39 77 52 69 78 75 75 11 -1 41 -1 70 19 10 -1 48 19 55 92 27 27 87 5 84 4 14 56 37 79 62 50 83 60 60 24 
63 62 83 64 41 93 20 96 62 79 74 22 90 18 38 19 45 27 57 76 86 51 28 25 54 42 32 78 48 35 59 32 19 68 93 81 28 57 74 85 63 47 25 68 -1 26 14 40 89 57 -1 55 18 67 53 39 66 37 73 11 96 97 48 7 49 64 70 10 20 90 86 14 71 17 12 9 -1 77 22 43 1 40 81 81 67 43 55 54 61 89 22 14 64 28 82 -1 63 30 34 19 51 26 5 57 20 71 15 78 51 49 95 42 81 2 81 49 19 28 5 78 80 5 84 31 51 79 67 70 94 25 62 41 67 62 16 89 10 31 38 
27 52 80 2 13 58 28 53 44 74 92 90 9 24 37 -1 84 91 70 45 40 10 67 24 77 84 49 33 34 69 7 50 14 71 82 54 44 27 16 75 62 16 1 40 39 41 51 16 77 30 52 55 9 54 13 72 73 24 80 1 72 32 46 24 32 23 51 54 17 72 91 65 44 61 26 53 13 6 77 40 86 83 23 1 12 19 22 97 10 86 32 85 63 30 34 85 5 17 5 17 40 48 72 58 39 86 87 74 15 19 37 89 8 36 74 86 -1 58 12 26 90 41 4 74 49 21 69 61 43 25 97 80 4 6 35 3 5 20 
67 94 15 -1 74 75 95 21 71 89 37 14 24 52 48 58 19 72 34 25 12 69 16 43 52 86 83 18 50 24 88 24 39 50 31 31 91 9 18 41 62 56 26 61 84 88 35 33 36 40 5 60 57 16 74 9 4 17 67 2 37 64 97 51 17 2 11 97 38 52 5 50 34 42 49 82 97 12 67 92 23 50 7 69 51 55 67 65 87 19 52 93 23 51 31 -1 72 82 7 61 77 7 91 10 56 58 67 59 84 60 87 15 84 26 -1 41 4 77 25 51 9 5 3 79 66 50 37 43 44 25 25 79 2 65 5 72 73 
73 44 53 77 37 9 -1 94 62 65 59 25 72 19 53 37 30 19 93 11 86 80 48 84 91 1 67 58 53 5 81 11 86 86 68 86 77 17 16 70 8 -1 37 38 31 70 60 61 54 4 16 13 19 66 -1 45 85 17 90 1 1 78 7 84 14 58 29 96 81 71 57 44 30 54 35 66 24 23 38 89 48 65 25 22 35 49 -1 20 51 36 97 58 56 47 53 39 79 96 35 86 11 87 18 15 90 9 36 63 49 62 33 92 57 26 17 85 86 94 55 66 80 65 75 13 15 23 85 28 31 55 64 9 27 35 43 75 
91 4 27 7 62 3 92 69 82 49 4 94 44 81 15 58 20 23 43 31 6 82 80 62 8 51 90 12 72 41 21 67 39 58 51 7 86 31 45 18 67 23 88 60 92 -1 17 6 60 -1 66 90 91 22 33 20 -1 82 20 38 33 50 86 56 24 24 85 39 24 -1 14 48 61 52 90 52 54 65 59 40 50 73 9 81 91 32 96 32 88 42 56 30 26 40 64 5 15 71 19 79 50 52 2 80 92 11 22 65 97 94 86 50 90 58 6 76 92 -1 19 37 52 71 19 82 55 70 44 54 53 53 36 73 92 43 31 
53 25 89 67 51 19 64 56 35 40 76 87 13 1 87 84 24 80 7 4 1 64 3 44 85 86 16 30 78 35 24 15 5 53 95 8 59 68 53 63 83 94 9 59 58 64 80 25 24 59 83 46 64 84 78 85 59 22 92 81 18 33 15 65 61 66 27 81 39 90 11 54 20 41 89 2 82 84 18 5 42 50 84 93 43 8 23 33 33 7 76 21 85 77 9 74 -1 59 86 51 82 77 30 83 33 84 91 68 42 56 79 71 71 96 93 86 97 92 23 61 81 78 54 33 73 40 45 93 18 34 40 66 67 39 
82 8 88 59 39 40 79 2 40 23 45 51 59 93 45 2 38 15 20 67 16 71 46 76 84 8 24 22 -1 16 9 59 13 72 15 57 72 90 95 37 65 33 42 88 94 75 61 5 9 60 21 54 -1 71 28 53 49 80 64 93 30 87 54 14 65 20 24 85 37 88 91 39 57 87 93 69 66 48 47 64 3 -1 48 30 1 92 96 50 34 94 48 90 44 44 30 52 7 48 42 72 46 75 73 93 2 47 20 3 93 93 35 28 9 33 40 51 69 53 45 34 32 58 31 13 21 80 30 61 3 17 96 44 96 
31 46 85 76 -1 74 83 39 41 41 66 64 -1 93 25 81 32 58 27 72 22 54 44 22 51 91 -1 -1 80 93 55 60 8 8 78 1 91 -1 71 67 67 53 97 46 62 43 39 23 92 7 90 33 22 86 23 44 59 68 43 22 60 78 32 86 24 12 96 9 40 11 54 25 75 53 37 15 1 20 34 20 41 -1 23 42 72 76 83 28 52 6 87 -1 34 26 23 82 15 22 84 69 55 75 89 9 -1 76 13 55 4 38 15 11 3 73 84 24 64 61 31 50 42 75 6 70 8 50 5 20 82 43 95 44 
21 43 1 31 91 93 15 65 35 40 54 32 25 85 11 62 9 91 74 84 45 93 65 43 -1 63 2 65 80 52 22 29 69 48 56 24 59 79 96 81 -1 26 94 28 3 7 80 58 11 15 91 85 80 83 19 8 82 50 19 58 9 68 91 29 10 6 73 74 -1 13 74 23 59 18 89 42 7 63 66 30 33 84 28 13 36 36 79 70 61 43 60 93 43 39 21 41 84 88 90 50 27 48 43 47 59 41 46 36 78 62 47 47 72 38 40 3 78 7 9 65 19 94 30 29 71 31 95 21 29 66 32 
-1 88 77 55 90 87 52 63 89 46 85 92 58 26 89 7 92 54 49 63 88 97 9 54 -1 37 43 93 49 60 61 78 85 69 69 50 23 39 97 50 -1 9 17 67 85 30 19 69 79 66 -1 94 92 23 42 79 47 73 40 2 5 59 90 1 28 58 19 34 91 82 66 92 78 65 24 36 31 53 59 29 81 53 57 91 81 9 31 28 65 -1 38 87 39 71 31 58 81 57 -1 46 82 -1 16 37 73 54 50 13 46 49 67 39 22 15 61 11 42 53 56 48 71 34 11 41 66 71 21 78 16 56 
96 16 35 39 79 91 23 18 36 61 19 46 33 50 57 3 71 15 58 35 22 -1 -1 74 49 4 47 40 -1 -1 80 27 4 35 62 79 82 61 70 80 47 25 66 17 17 44 94 34 44 26 26 36 49 42 -1 78 31 96 81 82 77 18 94 83 87 71 70 14 43 10 39 69 47 48 1 47 24 21 52 92 15 45 97 28 45 6 72 21 81 52 18 11 57 93 46 17 39 9 76 77 61 74 37 16 14 56 54 33 80 78 38 62 84 76 48 34 95 55 15 43 13 73 21 38 72 83 23 13 81 
11 35 40 76 90 78 70 55 10 17 90 56 10 80 95 57 13 95 12 39 3 62 -1 24 89 54 47 12 65 69 3 78 26 44 36 7 59 17 6 93 96 7 40 28 14 2 14 6 80 44 3 59 31 67 24 2 52 27 42 45 22 35 75 24 29 68 81 78 58 61 38 74 11 61 52 6 60 -1 87 67 2 91 19 20 42 21 75 64 18 73 79 83 35 17 23 33 15 39 54 43 64 40 40 66 23 39 33 15 26 37 68 42 65 42 6 44 40 81 30 -1 91 51 52 51 9 22 83 67 
32 -1 39 94 24 91 82 37 80 58 51 9 -1 67 67 33 29 87 64 28 53 -1 88 68 4 39 35 10 65 89 58 56 -1 84 85 92 43 89 53 23 81 19 30 76 90 47 -1 78 26 22 4 18 80 25 34 88 12 76 31 91 27 25 7 37 25 79 78 68 68 9 55 92 32 55 86 12 11 27 17 91 30 79 26 36 75 75 49 94 6 18 80 50 89 24 33 64 57 97 27 -1 40 11 16 22 81 40 41 62 -1 97 27 22 87 11 32 86 83 51 -1 12 67 73 60 72 68 40 85 
42 49 2 14 95 41 28 65 78 53 87 34 9 43 24 70 84 33 37 47 18 43 74 75 8 20 26 22 50 7 47 47 71 34 93 50 9 78 54 66 7 84 54 76 49 82 52 47 62 93 28 86 19 61 72 63 11 96 48 37 10 66 70 14 81 86 13 59 33 34 92 23 -1 91 42 55 85 97 43 16 30 25 51 17 15 47 45 2 46 15 88 29 31 89 68 93 94 80 8 35 20 54 68 3 51 42 63 55 46 42 36 52 42 35 5 37 32 21 51 44 23 12 18 17 21 -1 
31 90 12 42 2 95 81 75 65 76 22 94 31 57 10 82 59 12 72 67 40 52 28 65 26 56 53 12 92 92 85 75 41 16 23 71 10 92 38 46 18 15 32 96 97 85 75 84 24 8 72 33 90 96 42 87 93 41 12 22 88 -1 -1 23 44 25 24 53 26 66 42 72 14 82 37 43 83 78 29 79 2 86 38 40 53 70 -1 61 15 73 24 52 -1 38 87 30 28 16 33 15 35 65 60 87 89 49 48 82 10 36 87 66 57 60 95 95 22 94 -1 10 55 53 59 97 1 
6 93 42 48 7 8 79 51 11 84 3 43 30 42 20 27 75 76 62 97 93 88 65 6 67 92 85 69 95 85 24 69 68 80 22 61 95 75 92 16 92 78 -1 62 42 37 92 77 85 46 65 72 -1 81 14 36 45 -1 40 59 21 6 64 16 51 76 9 54 47 87 65 45 15 88 -1 10 95 10 30 66 45 60 41 66 78 51 82 20 2 13 17 8 9 67 68 70 45 39 13 69 36 94 -1 27 67 47 22 57 76 76 12 75 91 5 81 86 82 73 70 35 -1 96 62 68 
83 1 90 71 24 82 18 57 76 78 90 22 18 85 31 29 57 71 46 1 84 59 57 13 14 89 95 3 60 75 78 82 53 52 74 82 10 83 57 51 47 50 83 93 84 63 39 36 13 3 5 74 58 48 17 50 62 44 20 82 6 3 24 76 36 34 4 94 44 56 18 24 49 24 81 74 55 16 86 94 71 62 87 43 30 77 12 11 93 15 59 91 63 37 2 47 44 59 79 20 72 86 54 37 91 32 28 69 65 48 68 93 79 46 61 83 59 83 25 59 39 -1 94 
53 88 -1 81 13 79 79 26 47 13 82 47 74 53 9 90 96 57 85 10 87 88 26 8 35 48 50 55 46 93 4 81 27 18 76 34 69 68 23 1 32 63 45 8 3 41 4 64 20 30 51 29 64 22 41 19 22 14 26 14 81 28 20 80 89 84 86 74 68 59 83 38 61 1 30 78 61 66 48 96 74 46 11 -1 87 40 52 28 27 45 38 49 49 41 90 64 3 52 33 43 62 18 5 30 68 2 4 24 40 70 13 45 81 61 7 26 74 13 88 58 -1 26 
84 10 41 52 97 15 11 59 51 73 49 80 95 17 76 17 40 38 53 93 46 6 24 10 18 83 24 64 49 13 28 3 54 69 48 60 80 5 91 39 71 18 33 50 12 57 29 12 92 56 13 -1 1 1 71 63 -1 40 68 68 27 79 89 10 72 27 60 25 35 53 65 51 12 25 88 40 -1 31 90 66 2 6 79 46 32 63 -1 12 64 38 20 6 95 41 59 27 25 -1 69 11 10 28 32 85 54 49 74 -1 31 62 21 34 24 23 49 96 2 19 53 24 51 
57 81 23 19 -1 93 33 94 66 19 -1 94 91 68 8 85 43 60 10 19 12 50 25 48 76 13 27 39 -1 13 25 25 83 18 10 19 36 13 31 79 61 15 80 44 62 57 68 81 86 43 33 63 30 91 9 82 56 78 52 9 62 21 57 41 69 94 52 92 92 39 -1 3 63 46 67 16 55 27 46 50 93 41 5 48 49 6 17 94 47 47 66 87 78 66 22 15 62 4 18 22 61 24 63 4 62 30 69 46 67 13 37 64 -1 54 20 94 19 1 46 24 
60 71 22 74 32 49 32 16 47 34 22 56 19 76 3 22 44 95 84 88 12 10 -1 18 43 88 71 42 86 48 52 75 26 76 46 89 12 59 8 4 19 24 66 26 13 84 6 80 23 9 94 42 49 72 71 25 43 18 87 63 46 86 46 50 47 8 10 8 67 93 76 13 53 31 52 9 11 23 59 68 78 31 28 23 72 53 68 39 53 77 71 96 4 60 34 36 87 31 -1 8 28 71 66 67 41 25 -1 20 55 17 58 59 83 8 46 73 40 31 28 
97 82 22 97 44 11 62 78 94 23 5 51 84 81 74 51 8 35 4 19 25 13 49 89 72 57 40 38 97 19 23 2 74 21 5 33 51 13 40 33 62 37 76 95 17 31 47 11 68 51 86 8 26 66 22 94 61 45 14 47 57 57 90 15 47 75 79 52 78 55 81 56 85 51 49 70 19 22 61 62 48 48 52 64 26 30 73 72 25 20 75 87 50 68 1 75 -1 36 43 -1 74 21 29 21 -1 69 71 73 48 40 36 59 56 80 23 21 82 82 
62 19 38 83 89 87 36 82 91 56 -1 49 78 40 7 9 54 86 57 13 96 95 38 57 66 75 72 52 65 61 57 81 94 29 54 15 73 66 6 14 -1 49 40 5 10 73 90 3 47 21 3 58 12 52 28 89 14 14 96 13 59 37 87 8 36 7 54 8 3 2 33 27 66 91 8 17 40 90 3 -1 30 39 63 68 56 57 89 8 81 34 11 20 72 5 27 63 8 56 -1 71 32 65 49 34 39 30 82 35 68 9 63 84 80 88 60 35 12 
54 25 43 4 18 61 53 62 70 57 78 7 67 72 42 95 -1 3 47 82 97 32 49 68 71 55 54 31 13 79 11 -1 60 53 71 15 56 78 6 79 17 36 12 33 83 53 20 95 74 57 85 79 36 90 11 17 4 34 87 62 73 17 18 69 16 71 56 90 9 47 46 80 74 1 96 86 41 13 27 25 26 80 89 31 76 81 11 40 3 59 56 82 95 23 12 33 83 31 10 37 28 76 76 49 72 -1 7 81 17 93 -1 55 36 58 70 65 
76 26 30 83 80 77 34 41 77 18 23 26 90 60 92 22 7 73 90 71 58 91 9 8 33 58 83 81 34 96 77 15 95 60 85 67 82 56 93 66 72 88 19 20 89 88 71 62 14 91 72 93 29 73 59 56 37 6 51 45 54 82 51 84 21 84 64 50 59 68 10 15 30 42 35 29 78 75 36 21 78 59 6 82 70 14 -1 5 79 31 82 52 2 78 20 9 89 65 39 75 38 97 7 63 83 83 62 64 21 7 14 8 58 74 62 
30 46 34 46 57 1 5 93 18 84 24 69 57 10 23 56 -1 50 76 9 49 10 20 70 40 84 75 89 74 25 42 28 11 9 66 83 90 72 33 11 67 80 11 18 56 19 69 13 96 45 20 8 9 21 39 72 58 45 8 91 2 35 17 59 34 3 86 51 91 87 60 53 26 70 36 41 62 24 40 24 43 67 84 27 47 72 85 9 43 63 33 78 19 10 6 87 81 94 48 14 66 45 62 78 86 72 95 10 64 94 52 3 21 22 
71 73 49 21 89 24 24 53 59 82 7 1 78 51 28 53 40 66 3 46 87 60 4 13 9 58 48 89 74 13 16 9 5 47 -1 93 42 77 26 69 29 19 66 76 12 24 30 97 34 40 12 64 87 38 64 95 8 97 75 -1 70 13 88 -1 76 61 70 32 82 50 48 71 28 97 83 3 70 67 57 4 29 61 55 63 85 61 53 84 23 36 87 94 83 64 61 59 76 14 64 44 35 55 36 65 71 3 54 53 64 1 32 75 55 
85 61 74 17 -1 6 63 62 3 18 13 28 65 61 74 86 51 -1 77 47 94 74 47 10 44 93 37 42 87 17 25 95 17 28 60 76 80 80 13 36 77 37 36 25 81 63 20 19 76 89 61 62 55 1 80 78 73 12 96 82 45 68 60 71 45 35 72 65 6 71 89 93 86 95 96 78 88 90 15 60 18 39 51 97 21 44 54 52 52 29 53 97 58 16 86 89 95 61 69 20 15 70 54 79 88 25 72 43 85 25 32 11 
34 71 48 5 56 89 32 83 48 61 72 7 81 -1 43 26 66 55 76 16 86 76 80 1 93 56 71 53 19 70 63 52 1 23 28 89 87 45 94 47 93 84 5 27 39 51 14 14 35 -1 94 -1 4 25 57 75 50 8 54 -1 18 63 78 75 74 42 -1 95 97 -1 64 77 27 55 14 3 41 49 91 8 82 96 35 -1 52 77 97 9 82 59 76 16 94 49 85 13 26 54 40 93 72 25 84 81 10 8 27 40 40 49 89 
70 39 16 13 53 14 23 71 84 30 15 35 61 73 89 78 16 30 89 19 1 8 53 37 68 60 46 66 70 89 36 9 -1 33 41 60 28 69 -1 71 88 92 75 39 53 55 24 50 63 93 71 23 25 69 35 37 -1 20 67 74 15 5 65 39 68 47 27 94 19 82 92 2 39 42 8 65 3 62 53 93 85 23 88 86 51 84 23 20 71 59 2 82 89 21 88 50 46 75 9 4 61 20 41 60 11 12 61 44 21 37 
11 57 -1 76 17 89 47 79 -1 69 50 25 40 68 56 32 14 55 55 57 8 59 1 3 7 60 86 12 60 4 30 74 13 24 22 52 37 70 87 38 2 30 96 88 30 78 4 82 11 29 64 12 12 74 80 18 95 85 14 39 38 69 81 24 78 17 21 82 37 17 4 94 34 -1 27 78 38 92 62 16 35 14 61 84 84 19 4 81 16 91 20 26 81 86 83 19 45 26 22 1 68 71 5 82 29 22 52 63 1 
92 78 15 45 92 17 7 1 64 81 74 27 66 26 81 24 60 9 33 26 49 94 29 41 80 58 89 43 19 35 64 56 78 15 57 15 -1 29 48 32 97 82 85 -1 2 90 2 16 42 73 2 59 37 87 97 92 65 76 34 43 10 41 33 57 57 26 3 62 82 11 81 83 46 17 58 79 34 14 14 72 42 81 -1 93 35 43 5 19 43 79 28 63 57 8 2 45 86 83 43 60 19 51 95 16 32 57 59 67 
44 72 45 9 66 26 7 75 56 52 22 67 88 64 49 26 24 47 48 83 18 82 39 13 -1 79 93 30 25 -1 73 55 6 19 72 67 79 84 92 95 3 79 22 1 14 64 4 96 77 8 17 71 91 48 60 62 75 24 12 16 80 9 19 64 71 3 91 95 9 42 63 42 46 90 81 -1 60 79 60 61 90 63 92 71 72 93 15 42 39 46 62 20 27 92 50 8 12 18 95 82 35 62 92 33 55 53 32 
82 97 75 63 87 8 91 8 52 62 68 6 93 1 55 78 27 85 20 33 14 49 55 27 51 23 28 42 -1 12 39 7 77 70 59 40 -1 4 17 32 76 18 84 19 30 53 26 82 93 22 79 13 88 32 45 11 25 76 1 97 30 65 5 37 91 9 72 16 85 63 55 67 37 -1 47 30 19 44 -1 75 6 8 50 27 39 42 29 62 58 63 73 66 58 -1 43 44 9 73 58 -1 8 45 60 90 96 39 
9 86 57 31 27 89 22 22 48 13 21 91 97 69 61 26 77 79 89 24 30 36 74 15 53 15 52 8 82 93 55 73 90 17 35 66 31 74 7 23 38 26 79 45 21 -1 25 71 18 84 80 37 44 55 85 14 34 14 31 12 16 79 58 94 65 80 75 60 74 19 93 89 97 30 37 30 86 63 10 15 23 54 49 67 1 37 23 13 38 30 31 68 35 48 58 83 67 73 53 93 96 63 47 85 30 
49 76 1 11 45 38 63 65 37 58 59 48 44 65 97 70 67 81 16 73 44 44 46 42 84 42 29 63 13 95 -1 37 24 8 82 61 28 30 40 2 66 93 25 38 64 52 7 88 45 2 89 29 78 47 67 85 77 88 37 40 15 40 76 33 92 94 17 90 65 44 27 56 3 17 56 45 68 96 8 4 74 30 79 35 89 94 63 68 79 56 85 78 8 29 95 97 61 58 27 51 52 45 93 76 
25 14 18 74 88 35 12 29 37 57 -1 7 66 18 38 81 97 34 6 22 24 11 83 10 36 32 -1 89 33 71 16 85 84 84 69 12 23 11 93 49 64 72 90 64 59 68 88 2 36 27 40 9 73 81 60 39 12 50 24 66 29 41 70 -1 82 83 80 96 19 4 28 49 93 20 51 58 72 38 63 75 67 37 82 -1 58 69 31 21 82 69 51 8 30 -1 85 92 32 36 71 77 75 14 39 
94 5 70 46 42 29 24 28 34 12 76 9 6 7 44 54 30 19 4 24 73 22 -1 83 52 74 58 12 90 69 82 9 33 33 66 11 42 16 26 9 53 86 67 15 68 88 60 77 4 18 29 17 61 25 52 18 35 63 6 24 32 8 82 79 89 64 66 63 96 -1 -1 69 36 2 30 9 22 53 39 54 59 17 33 55 80 3 45 53 13 92 25 3 73 9 91 34 62 75 20 44 -1 62 
78 17 10 28 19 67 11 87 45 54 56 53 13 79 60 92 86 92 18 86 68 71 19 35 42 65 76 93 95 64 40 18 82 2 25 85 17 88 12 13 32 81 50 59 91 13 94 43 12 82 8 69 62 85 43 63 47 55 17 93 40 -1 28 86 34 39 48 86 77 41 34 -1 30 92 85 23 30 80 75 5 15 13 5 47 93 16 24 60 3 87 93 4 61 8 21 39 78 5 31 12 51 
19 36 61 -1 50 15 3 -1 92 95 -1 33 24 25 65 59 82 25 39 80 59 68 74 39 40 17 60 43 79 17 82 69 44 96 3 4 68 58 -1 67 28 62 75 5 67 48 50 94 63 47 77 85 85 60 40 24 84 40 29 39 17 10 14 63 59 16 53 18 60 70 89 82 66 46 68 57 71 78 20 91 57 49 29 44 75 50 16 17 6 1 32 15 62 84 83 55 67 49 62 52 
59 51 12 86 16 53 20 34 9 40 71 62 10 67 79 76 58 16 29 31 36 -1 84 21 24 9 17 79 92 88 55 30 63 35 48 37 79 54 52 74 67 67 6 75 73 63 35 78 27 37 25 86 66 37 37 27 5 95 8 27 70 39 19 2 70 65 27 89 90 73 33 47 79 47 22 80 58 33 93 13 19 39 28 35 41 59 18 7 71 21 21 53 43 97 30 73 55 36 89 
37 48 44 -1 43 3 36 10 94 41 9 37 84 73 37 77 91 28 33 88 30 57 44 66 57 40 9 20 10 51 2 27 9 69 11 12 17 47 83 17 35 30 43 89 1 46 50 45 46 8 92 25 92 46 50 97 56 1 56 63 31 56 16 26 90 79 18 96 77 9 1 -1 45 79 20 45 61 25 2 50 97 51 48 66 65 87 73 41 8 40 -1 16 41 91 94 44 71 59 
84 26 42 40 14 31 72 41 2 39 33 31 51 71 44 63 20 95 26 65 58 24 62 23 23 44 30 43 69 86 15 4 63 10 21 92 2 28 26 37 2 13 93 22 87 82 77 77 46 76 16 20 55 42 44 22 82 60 59 14 60 82 50 68 83 88 48 4 83 90 64 24 61 55 83 77 57 74 53 89 68 74 46 8 73 8 39 69 11 54 31 58 89 44 72 14 31 
29 1 17 96 91 54 29 25 64 19 66 37 75 6 46 46 10 58 66 96 41 73 77 44 58 21 22 86 38 50 55 35 14 46 24 31 -1 49 4 62 43 91 16 87 16 79 40 51 64 46 75 74 94 52 51 18 77 2 94 51 44 85 95 12 46 82 77 31 29 10 11 -1 3 1 82 43 40 75 80 -1 91 78 24 48 38 47 76 31 44 51 15 20 84 85 19 56 
19 76 36 69 29 30 84 87 23 55 91 33 85 86 65 75 59 31 57 95 70 29 28 57 -1 10 83 56 76 59 97 29 38 70 97 73 62 46 64 15 83 79 58 79 80 15 97 49 71 44 76 70 25 65 56 52 5 37 7 68 42 4 88 56 47 59 69 73 52 55 77 66 3 26 81 44 16 23 59 35 56 60 87 53 12 16 78 9 22 -1 39 50 18 88 35 
80 46 31 82 53 31 14 16 5 73 55 8 10 92 88 29 7 70 84 -1 19 36 80 65 46 97 67 76 41 78 23 95 76 12 34 36 67 21 75 62 68 -1 91 34 63 71 6 11 18 72 75 74 23 17 59 54 39 74 -1 38 73 20 97 90 19 12 31 78 83 60 30 43 9 90 66 19 33 90 32 61 32 59 91 36 52 95 16 70 93 70 29 81 58 66 
69 2 56 -1 38 18 66 -1 92 39 77 30 96 37 6 4 12 27 18 71 50 46 20 72 48 67 34 89 63 48 35 58 52 76 14 91 1 1 64 39 40 11 96 44 78 66 65 28 49 20 20 60 34 94 50 -1 94 28 5 38 21 51 13 94 28 27 91 21 85 85 66 47 30 17 78 80 -1 64 54 70 33 6 53 70 55 78 4 63 70 24 51 73 58 
61 29 71 60 28 16 82 16 74 82 71 76 81 11 43 13 89 24 4 63 1 52 47 88 65 61 49 89 16 65 25 31 34 27 47 41 19 30 -1 32 31 61 77 31 14 74 22 38 94 16 -1 92 40 27 -1 53 41 76 14 9 19 32 97 79 41 73 44 10 67 48 61 71 16 53 8 73 7 19 58 -1 57 55 18 2 50 -1 95 76 20 -1 43 56 
59 45 66 45 26 10 -1 56 87 9 19 33 68 18 86 80 11 36 82 59 79 61 59 76 57 6 -1 39 60 5 85 48 36 71 22 60 46 86 53 19 82 39 2 80 5 20 86 70 72 13 94 12 63 14 26 1 24 8 45 4 96 8 68 57 20 36 27 44 60 47 35 76 93 24 52 64 97 40 88 14 35 52 78 50 25 43 51 43 82 50 53 
31 94 8 63 42 61 91 8 20 69 30 92 73 32 54 97 65 80 38 61 67 39 80 86 93 80 95 46 82 79 1 58 60 53 67 43 56 81 23 24 25 52 19 14 56 86 71 2 67 37 48 49 70 40 63 23 9 -1 4 78 54 87 91 41 64 84 63 56 -1 39 22 9 40 89 74 47 36 -1 72 55 43 63 76 57 32 76 3 6 -1 26 
78 47 64 81 16 17 24 91 53 91 77 23 51 91 71 74 88 96 87 40 89 68 44 44 4 95 30 81 23 86 39 3 30 32 45 84 89 15 72 20 51 75 87 45 72 26 96 12 72 19 66 13 -1 89 33 41 82 1 38 28 62 17 35 79 55 84 88 63 48 16 47 29 51 41 35 67 12 90 84 74 41 83 31 27 90 11 3 35 46 
53 89 9 67 22 96 11 79 27 47 30 86 36 23 33 4 57 94 6 31 93 43 34 57 58 75 45 60 52 63 15 16 71 83 24 45 46 8 84 23 76 15 72 -1 87 71 46 41 49 53 10 17 -1 77 76 23 15 42 10 25 93 66 70 91 87 34 72 60 94 74 50 52 69 16 60 29 -1 13 28 84 91 81 82 57 2 44 52 43 
69 85 -1 71 72 22 -1 7 2 58 18 17 44 62 84 45 78 92 27 96 23 40 89 94 90 54 28 19 65 84 7 95 22 87 74 2 42 17 89 78 5 55 90 68 26 52 26 29 6 10 5 67 27 27 56 61 14 26 11 -1 3 41 46 96 44 61 33 67 97 90 15 30 4 94 5 20 95 43 57 84 45 66 47 10 56 11 95 
69 54 39 40 41 67 40 23 48 62 18 93 63 11 27 3 21 66 45 41 35 87 20 75 67 9 69 24 31 14 49 96 79 88 40 37 30 96 15 90 42 -1 32 46 81 32 57 32 86 71 74 82 49 62 85 17 46 95 1 35 72 59 62 16 26 88 47 11 86 -1 41 57 95 79 79 91 27 47 34 1 56 82 16 51 32 -1 
36 53 40 49 8 34 85 57 17 29 43 93 30 -1 74 62 49 91 63 55 37 33 66 15 26 22 58 22 9 36 16 39 70 62 18 42 79 73 -1 71 91 63 62 67 8 84 60 55 83 63 43 3 78 76 6 43 1 50 38 43 86 89 24 74 27 47 96 29 45 36 52 11 23 58 28 7 33 80 58 56 32 6 77 13 94 
24 57 14 11 59 75 54 24 86 69 90 12 71 37 26 28 40 11 20 53 20 3 82 83 53 -1 36 31 74 86 3 81 93 17 74 76 19 26 74 7 90 57 54 56 -1 78 95 69 60 50 90 9 64 13 15 2 47 60 6 7 74 9 70 38 8 4 41 34 41 34 -1 38 68 61 71 72 -1 50 91 49 10 56 31 77 
58 88 -1 84 87 46 55 90 58 56 25 49 82 65 76 24 32 69 73 39 69 67 39 92 97 26 68 13 44 25 56 30 9 29 92 10 37 23 94 89 86 48 73 64 48 44 59 47 2 61 37 42 -1 13 13 29 67 24 14 19 7 52 25 13 14 58 28 78 -1 64 -1 8 45 15 84 88 45 46 96 14 57 52 39 
42 95 95 1 62 40 69 66 24 76 68 35 5 82 62 45 48 13 57 84 51 11 48 20 33 10 63 51 81 46 5 55 3 52 9 20 49 26 86 91 93 79 18 63 72 89 32 28 79 46 66 42 96 94 54 1 29 25 79 64 6 27 84 85 23 21 46 47 71 32 18 89 65 97 90 30 -1 96 4 76 83 83 
32 60 81 64 41 57 65 23 54 64 77 9 51 38 69 89 27 44 42 34 21 50 27 14 92 91 97 55 49 22 90 89 84 6 67 42 93 -1 68 4 12 38 4 29 59 81 39 -1 57 83 13 76 72 31 97 37 73 31 88 23 7 44 3 56 64 93 26 36 56 2 62 47 54 89 27 61 77 54 59 51 84 
83 28 12 -1 2 43 2 -1 5 -1 27 58 84 16 97 18 82 37 74 12 95 1 50 -1 20 17 52 85 73 81 64 31 60 8 32 45 92 24 8 40 61 13 63 3 75 65 37 13 53 23 25 34 19 15 33 77 85 42 89 60 8 9 65 5 55 89 -1 85 88 49 93 2 41 74 17 89 95 59 41 -1 
-1 90 37 46 90 25 -1 -1 86 49 40 36 24 49 73 49 92 91 17 78 2 45 65 91 92 36 39 84 52 2 1 31 40 77 41 92 30 22 10 40 26 29 52 21 79 -1 77 28 15 66 16 31 83 42 96 93 59 42 86 13 27 6 31 97 43 14 92 66 78 68 44 37 6 15 32 19 44 2 38 
8 91 96 89 42 76 1 94 17 88 65 84 42 38 36 20 68 22 75 40 79 35 1 30 7 20 14 21 47 93 21 25 1 19 2 21 48 81 5 33 58 95 83 92 94 2 64 53 38 70 87 78 4 29 36 52 85 53 58 46 91 53 21 96 11 72 44 80 37 -1 82 67 27 66 52 90 18 6 
-1 74 40 93 68 7 67 9 66 77 53 18 31 30 77 43 66 27 48 74 3 6 24 35 15 -1 61 56 13 40 24 26 63 86 3 95 64 23 14 31 29 41 82 85 94 56 68 5 85 58 47 57 51 81 79 1 9 -1 29 50 67 46 81 60 76 1 87 22 17 31 51 15 73 88 73 -1 76 
45 10 61 1 67 97 79 95 34 71 53 -1 76 91 63 93 19 62 62 78 67 45 75 3 75 35 21 12 50 91 61 83 44 62 11 5 61 8 38 59 84 2 17 65 9 45 22 89 69 3 52 67 35 34 -1 11 76 2 19 72 9 36 7 40 38 36 95 30 80 5 -1 72 91 -1 21 46 
77 94 53 37 83 55 53 89 56 51 51 22 21 8 -1 77 22 30 51 53 57 61 49 15 42 26 42 66 13 6 58 20 84 63 28 86 58 22 37 89 94 73 57 80 42 41 29 20 35 16 36 48 30 68 5 17 -1 15 97 48 46 58 11 41 30 22 53 50 22 29 63 10 69 3 65 
25 79 31 90 33 21 33 2 95 52 73 52 69 59 52 85 -1 62 62 47 62 62 31 50 59 79 51 97 30 31 29 76 25 56 25 50 89 40 6 60 95 76 48 64 89 45 67 47 79 26 42 62 97 11 21 96 36 43 4 8 17 1 88 74 48 24 57 45 10 19 16 48 82 75 
75 93 6 20 56 96 92 40 13 54 51 84 97 67 5 22 13 10 15 19 5 36 39 6 52 65 -1 6 33 15 9 53 34 24 75 78 89 86 84 48 88 53 28 54 47 76 20 28 33 72 85 80 59 35 85 77 44 70 5 63 14 83 77 76 22 92 41 23 40 55 62 54 43 
-1 65 2 42 20 21 60 33 -1 2 14 59 35 30 85 64 35 89 94 28 89 33 81 69 55 11 74 32 26 60 20 7 65 39 7 86 77 6 47 16 41 49 53 46 51 95 85 45 28 43 20 93 96 81 86 33 93 14 43 95 89 66 77 40 22 75 44 -1 4 14 16 23 
36 35 -1 56 94 56 21 69 50 28 20 43 2 62 74 66 13 -1 45 1 -1 5 87 24 43 51 94 75 47 49 43 97 87 29 10 54 48 78 12 48 53 55 14 25 37 19 -1 27 76 53 94 44 46 35 -1 71 51 40 12 59 82 95 85 -1 14 43 85 36 96 52 95 
29 41 53 37 5 5 29 92 60 75 59 77 64 94 39 44 93 11 52 35 89 39 62 10 88 59 65 -1 82 68 7 55 41 22 25 88 75 78 63 36 60 60 19 55 45 37 89 14 32 34 4 32 13 75 48 71 76 13 74 50 55 20 79 94 81 47 26 33 50 45 
83 66 75 69 85 53 39 63 32 77 8 20 24 27 51 89 61 78 72 66 20 63 15 75 84 40 -1 31 39 -1 64 4 -1 83 7 80 54 8 40 61 79 -1 56 28 92 44 25 65 89 37 35 15 11 61 -1 84 23 93 14 26 10 -1 6 16 17 -1 47 68 91 
78 38 52 94 90 94 42 83 10 40 57 58 97 34 18 48 3 70 23 34 96 69 -1 82 77 89 62 48 80 51 12 65 36 34 83 78 65 52 31 31 54 47 33 94 12 20 89 41 31 94 6 -1 24 80 7 71 -1 61 40 40 20 1 40 46 53 35 42 19 
89 -1 6 61 33 67 37 42 64 66 4 96 31 72 10 32 40 40 46 79 95 50 91 83 88 13 52 47 2 6 63 -1 72 41 27 66 5 19 31 57 19 63 41 6 9 8 93 74 79 20 33 93 -1 49 64 68 77 9 72 60 35 91 77 65 80 -1 35 
7 85 43 83 92 8 25 72 13 50 5 19 45 18 41 11 51 47 4 81 62 78 31 75 26 80 17 97 64 -1 70 73 27 50 12 57 45 25 68 25 37 86 69 10 70 36 53 -1 -1 77 80 45 21 31 93 63 73 13 17 67 48 46 16 45 37 5 
83 75 78 52 5 19 18 7 66 86 56 22 5 23 82 25 28 50 37 85 72 17 49 84 82 50 42 65 1 93 49 56 -1 2 85 50 12 66 72 27 46 34 22 38 34 31 27 63 60 9 59 83 83 49 52 67 61 85 71 54 48 6 -1 20 21 
84 67 66 41 48 45 53 83 3 43 55 4 13 58 35 57 38 86 28 1 84 94 47 45 62 40 1 8 92 12 37 18 86 19 4 65 58 29 36 58 44 2 69 48 27 23 89 94 37 94 19 32 82 41 23 19 18 19 18 79 66 96 32 86 
3 12 85 27 81 11 20 22 48 85 13 87 22 67 3 89 3 -1 16 40 81 22 83 37 64 64 91 -1 94 31 60 62 94 59 38 1 6 40 45 31 33 84 9 18 32 63 8 21 76 30 40 55 14 46 50 97 5 55 6 81 64 72 89 
65 95 40 75 61 48 34 66 50 25 44 75 41 57 40 6 45 81 61 71 77 57 41 26 70 18 16 7 6 6 67 25 85 24 16 36 77 87 90 50 52 89 87 95 10 62 -1 54 38 89 1 33 4 42 44 24 49 68 16 45 11 16 
11 4 20 89 64 72 63 87 1 84 52 28 19 16 33 87 97 22 97 11 11 66 60 4 6 14 17 47 27 25 97 67 89 48 92 82 10 15 17 89 -1 81 6 3 42 -1 83 70 48 81 38 27 32 30 62 29 49 11 47 65 57 
86 82 20 31 71 69 37 87 78 35 53 43 43 94 96 48 30 27 37 29 18 72 29 54 85 78 9 39 35 8 65 45 27 59 75 97 94 54 4 8 87 88 36 93 16 39 53 78 91 -1 60 31 85 54 69 65 82 27 50 93 
13 49 80 49 90 39 33 25 24 22 74 67 55 79 72 80 24 11 63 22 74 59 34 24 43 89 54 8 95 52 12 3 47 64 62 70 96 12 20 42 74 -1 39 97 88 12 61 58 17 72 36 74 71 54 10 44 37 88 27 
68 25 80 19 94 84 84 60 14 26 50 94 95 96 52 88 52 83 58 68 91 18 14 47 96 15 75 61 49 16 78 56 27 59 54 84 95 27 37 63 41 39 91 47 21 50 70 6 82 3 30 71 92 3 17 67 94 32 
96 14 80 23 96 45 18 65 91 57 13 69 86 92 15 71 28 66 28 25 49 74 95 62 45 86 31 55 8 22 68 29 11 70 11 23 88 26 70 3 92 90 83 61 93 29 63 49 51 12 16 97 69 80 4 53 32 
81 30 33 16 80 22 68 84 33 34 23 59 68 42 40 -1 14 91 40 66 16 63 9 12 62 74 29 92 77 55 -1 42 17 43 41 17 24 11 75 52 96 67 32 57 97 37 33 39 6 76 -1 5 15 30 14 74 
84 33 48 56 57 97 73 90 85 26 8 8 66 4 76 88 14 15 67 59 23 39 91 89 92 58 15 75 22 -1 31 66 92 27 93 21 37 2 33 93 95 12 85 67 82 96 24 78 69 72 1 43 38 2 65 
70 21 54 74 58 52 87 41 90 14 71 -1 62 3 52 71 87 94 10 69 27 14 27 83 65 95 58 46 35 14 29 72 51 12 67 60 37 12 16 29 12 67 5 77 15 2 64 6 85 6 44 60 80 20 
-1 16 15 33 62 -1 40 39 66 92 66 19 11 10 96 26 65 81 97 10 92 59 65 24 69 67 48 34 29 27 64 -1 42 79 39 89 57 5 51 89 9 -1 12 72 90 26 84 97 97 38 21 13 39 
-1 63 21 95 63 23 52 89 34 44 78 47 12 90 95 79 18 18 59 12 82 59 65 37 4 94 3 1 41 9 29 36 17 65 91 10 3 71 90 14 1 55 61 93 95 3 14 75 52 72 26 60 
48 39 49 3 65 18 3 82 67 64 2 23 90 37 76 93 2 89 -1 90 23 31 86 33 76 52 5 -1 39 43 42 42 47 77 75 36 71 3 66 85 1 64 15 15 76 2 21 81 42 54 8 
3 50 3 37 65 51 79 70 32 72 72 83 94 20 1 -1 17 88 69 81 46 34 66 56 43 83 4 -1 91 42 41 85 21 66 49 -1 53 50 23 51 42 1 26 40 80 39 49 83 46 8 
42 29 24 -1 35 40 95 32 95 75 57 77 51 54 79 29 80 15 76 70 84 48 -1 22 65 55 46 13 18 7 82 36 86 77 14 20 38 56 23 43 22 9 28 64 33 2 65 -1 28 
74 50 1 74 96 36 17 10 45 85 94 15 65 90 82 28 40 27 78 42 53 83 52 68 41 -1 63 52 14 4 40 14 61 71 37 44 1 18 74 4 50 13 54 59 86 77 31 3 
36 34 44 1 11 76 8 57 76 76 55 10 56 81 16 19 96 60 10 55 77 29 45 20 51 78 23 45 40 32 71 13 47 80 -1 60 16 18 80 14 27 72 34 52 43 18 74 
91 30 52 11 24 82 22 21 10 10 1 27 11 94 1 6 80 63 9 49 83 58 47 73 39 42 59 28 82 6 81 73 34 61 38 57 56 29 15 36 58 62 53 7 60 55 
86 1 8 5 52 60 82 57 36 60 61 78 48 67 19 22 97 53 78 82 67 65 59 28 87 89 34 11 24 5 23 18 61 3 31 84 62 -1 49 57 15 57 39 30 11 
63 53 40 27 29 87 30 54 48 64 47 51 -1 83 46 86 39 74 20 84 73 53 51 85 53 8 69 75 16 64 34 51 34 91 90 49 30 64 60 13 75 83 85 56 
83 3 16 25 54 45 42 14 92 46 59 44 34 42 97 84 40 72 -1 37 15 76 51 37 37 4 8 88 17 88 64 26 92 11 10 -1 93 -1 84 69 32 48 3 
86 58 63 96 73 67 37 57 77 5 7 47 53 13 9 4 22 11 82 71 36 45 17 64 87 5 6 57 63 56 45 56 75 38 53 59 6 9 22 49 71 61 
62 33 72 52 78 62 71 67 -1 6 55 80 35 8 97 42 8 61 44 4 38 90 3 1 41 12 92 9 58 -1 94 19 34 97 28 78 48 95 47 28 64 
84 65 38 11 20 55 81 57 67 36 38 59 64 45 83 6 7 75 20 71 38 83 42 63 -1 96 49 84 2 77 79 23 25 84 30 75 44 4 54 8 
5 60 71 45 6 4 22 28 93 8 54 75 60 -1 -1 44 21 87 28 37 42 87 27 36 38 68 82 68 31 32 90 25 92 68 55 9 -1 48 15 
84 63 -1 32 50 28 14 36 68 74 33 23 50 38 35 54 4 88 86 60 81 83 32 33 56 85 91 71 84 47 86 84 80 22 43 59 51 79 
52 -1 56 7 1 4 78 8 36 49 54 22 64 32 38 95 28 93 76 49 80 30 10 55 28 13 92 78 49 63 80 58 89 74 43 81 72 
-1 1 15 22 1 93 10 21 37 33 7 36 17 60 96 88 26 23 71 77 86 94 67 54 35 48 57 84 62 71 68 12 28 12 85 39 
33 39 60 10 79 93 79 18 46 80 70 79 86 95 7 94 43 77 78 67 69 25 44 12 29 39 91 92 50 17 85 49 -1 93 45 
77 15 16 23 56 40 25 93 93 86 47 42 82 49 42 54 75 75 40 68 25 8 43 12 54 -1 78 6 80 8 8 6 61 55 
7 77 15 -1 72 14 40 55 19 45 84 26 20 76 23 89 45 23 85 46 86 40 50 72 59 87 68 36 65 59 96 75 4 
8 86 77 21 56 75 39 42 21 22 43 35 64 36 87 10 34 2 83 59 89 -1 25 78 9 8 64 35 19 17 30 39 
36 24 93 38 6 28 24 14 3 68 86 3 -1 30 2 17 40 67 11 3 11 22 33 79 61 51 44 2 17 62 9 
69 49 54 25 64 58 87 21 40 13 81 81 -1 93 46 32 22 -1 21 19 65 31 41 36 2 21 36 53 26 86 
12 27 87 90 73 77 97 15 73 -1 75 11 5 63 79 26 -1 90 31 34 95 36 17 33 25 76 7 72 90 
-1 73 35 90 59 75 89 91 10 63 83 24 15 54 37 7 76 79 26 28 60 10 55 50 25 70 42 7 
23 2 60 -1 41 81 13 9 60 53 37 -1 67 29 4 97 87 90 48 83 29 -1 95 13 36 19 74 
65 11 35 85 18 11 37 27 9 66 61 94 83 38 60 42 95 83 42 50 81 40 97 22 60 90 
67 64 80 58 94 78 95 80 91 11 54 6 86 74 64 -1 67 23 33 54 24 91 90 17 81 
14 45 83 58 75 21 64 78 79 66 45 71 44 85 -1 62 55 88 14 84 59 66 2 90 
71 71 12 16 45 13 87 -1 88 56 10 51 30 11 39 96 47 60 36 4 53 44 88 
35 69 57 18 54 76 54 97 12 54 79 53 24 87 73 57 16 81 63 42 40 30 
9 86 10 72 62 33 31 44 66 89 30 11 15 69 46 37 54 74 42 60 75 
31 88 8 3 87 58 63 36 83 59 35 34 96 97 57 9 48 18 22 70 
2 30 91 12 54 76 69 56 96 85 83 52 58 -1 75 45 53 82 1 
14 69 36 12 48 28 64 79 96 71 6 21 60 88 69 8 74 61 
10 27 92 39 58 80 92 78 34 95 44 62 83 -1 24 81 43 
28 17 3 9 13 36 36 59 22 48 30 50 26 95 78 60 
68 23 -1 18 87 58 29 85 64 28 87 81 69 66 47 
38 39 48 25 7 29 -1 34 77 76 60 46 9 62 
93 93 26 16 77 72 33 44 39 73 7 61 38 
67 51 6 11 93 49 21 61 63 -1 60 31 
91 16 67 74 97 9 33 95 15 20 25 
47 70 97 7 50 69 28 4 70 17 
3 38 10 86 78 69 16 13 12 
37 43 62 37 57 43 -1 57 
8 42 78 65 91 91 32 
72 96 13 29 -1 87 
36 96 34 63 9 
4 50 75 85 
48 78 33 
49 91 
94