100
35 22 89 58 69 8 11 73 55 66 28 20 37 53 41 5 85 2 43 31 41 77 86 66 62 46 54 31 32 87 98 13 92 85 23 89 69 23 61 11 65 21 54 92 76 89 72 24 14 29 32 11 74 56 60 99 50 50 14 68 90 92 68 59 10 62 88 42 39 91 18 76 69 60 18 71 1 4 90 69 38 11 80 86 76 63 14 19 81 61 96 90 76 58 37 76 52 65 73 56 
32 35 26 44 13 62 55 22 47 38 16 82 82 25 2 76 46 40 35 41 4 70 84 22 30 48 36 98 33 4 28 56 100 94 100 70 11 57 11 22 51 91 86 25 99 2 36 20 47 81 61 13 14 59 7 17 95 96 26 1 71 51 94 51 58 52 39 8 87 56 42 82 97 56 20 79 88 11 69 95 77 26 91 49 22 8 45 52 67 78 19 88 48 69 65 73 45 84 53 
64 47 50 34 93 20 32 10 38 84 10 64 80 37 54 30 33 79 33 84 83 21 90 43 94 71 42 29 7 82 26 25 8 52 45 27 23 94 88 66 62 89 60 29 89 43 43 82 10 55 80 66 99 42 91 64 55 43 34 55 56 54 8 70 33 60 83 54 21 95 53 37 7 56 78 62 89 91 71 39 3 26 89 94 15 98 5 56 90 56 78 59 87 2 11 47 57 97 
42 95 9 95 88 12 29 77 15 56 32 28 69 70 78 3 39 99 7 28 84 57 97 84 87 64 2 61 92 65 19 39 53 63 64 62 72 100 7 98 90 55 1 40 24 37 14 64 70 71 72 1 98 9 12 3 19 79 57 59 19 12 9 60 76 96 97 66 58 15 99 72 89 4 52 55 40 33 21 48 8 60 52 33 26 57 97 58 66 21 79 23 20 29 47 95 83 
2 83 52 21 38 61 67 50 27 75 34 5 29 70 31 29 26 38 3 98 20 21 1 24 16 51 31 51 13 23 77 61 4 17 28 34 72 49 40 47 77 64 85 58 25 66 41 48 40 37 42 61 85 94 1 82 26 8 40 53 41 13 19 80 58 42 16 66 9 63 53 60 50 56 35 39 65 61 56 46 58 50 93 42 28 61 90 62 63 97 57 56 41 42 4 82 
90 67 100 67 98 71 92 72 46 4 22 83 61 40 47 72 21 8 29 82 51 49 55 53 49 94 14 6 78 66 83 20 17 85 57 64 14 24 27 4 55 6 53 50 93 18 67 2 61 40 69 24 80 4 82 44 26 54 98 98 98 80 7 75 18 87 76 69 35 57 44 6 45 45 94 43 82 26 26 95 16 41 32 58 58 35 4 29 43 32 33 83 59 21 1 
49 12 10 18 28 23 99 22 42 29 6 88 69 27 30 93 17 68 91 83 97 99 1 56 18 60 41 57 96 59 74 27 50 70 28 31 37 84 95 58 38 88 5 57 96 17 44 99 30 78 90 60 40 5 27 86 37 40 30 40 64 75 50 9 30 34 51 63 7 10 22 18 11 81 11 75 75 56 86 47 31 66 30 84 27 91 45 28 50 72 11 34 33 19 
83 46 36 23 51 83 50 6 47 99 19 62 93 57 77 29 57 75 26 56 41 63 54 55 62 78 76 81 48 10 4 97 35 93 59 100 98 36 27 84 19 64 71 98 24 73 52 3 78 67 21 3 14 54 3 91 81 7 86 17 38 64 20 38 71 53 38 92 26 19 34 82 39 6 99 95 52 41 44 70 66 63 12 78 19 17 85 25 27 47 51 11 53 
85 1 79 30 96 32 80 48 50 75 6 1 39 29 64 39 26 86 30 100 34 31 31 2 50 40 69 91 82 46 64 59 2 21 25 11 64 76 33 30 4 51 78 2 43 61 76 29 2 16 70 72 21 30 15 94 32 48 28 88 31 74 81 77 46 36 88 85 93 79 66 36 29 61 95 97 86 14 87 98 17 34 35 7 2 68 37 60 20 31 94 78 
17 24 31 57 84 71 9 50 42 45 69 12 23 41 65 81 67 89 12 1 89 94 69 96 41 51 29 48 61 29 35 80 41 9 97 45 83 16 99 9 81 97 9 42 26 49 57 51 7 34 18 37 35 80 44 4 17 9 30 71 23 54 16 12 70 63 84 87 33 18 69 50 80 52 15 19 44 66 91 48 39 12 11 6 100 7 97 71 88 82 92 
3 71 72 2 67 21 57 89 58 6 50 89 43 70 60 80 71 30 86 81 19 12 56 32 29 90 37 78 33 51 27 81 20 68 97 63 2 28 86 13 40 19 5 75 86 12 37 10 49 94 1 22 20 4 70 46 17 12 53 48 69 32 28 63 24 84 47 27 88 84 4 32 36 78 74 10 67 2 8 62 93 47 29 17 52 73 93 43 47 46 
7 21 43 40 17 32 20 64 30 89 98 8 54 21 6 36 60 36 94 83 45 44 90 90 47 58 31 40 20 78 77 2 87 41 5 9 83 20 50 30 90 49 32 31 8 16 42 74 68 62 52 46 48 28 51 32 96 56 62 42 24 5 90 21 7 43 70 69 82 27 25 52 54 90 64 33 79 60 4 27 24 74 98 24 10 48 49 58 84 
26 23 87 60 21 62 83 27 96 22 93 58 49 99 82 63 28 12 78 56 17 100 1 97 8 67 48 90 58 20 71 29 41 35 73 53 1 47 2 73 11 93 45 81 46 95 38 71 25 40 54 39 13 43 16 92 64 85 38 37 41 1 38 23 48 82 94 42 73 44 3 12 83 22 90 46 6 73 49 5 47 21 27 61 91 9 23 49 
79 22 17 50 62 20 65 69 75 26 52 100 43 86 30 33 28 18 27 6 32 94 71 56 5 50 81 94 60 10 13 4 30 87 8 82 29 25 40 90 57 77 21 6 33 77 38 19 59 2 39 8 25 2 16 39 22 82 84 92 56 16 56 90 98 74 46 3 42 87 90 6 38 91 40 86 75 8 42 36 66 4 96 10 96 74 9 
42 4 20 74 23 25 88 22 65 85 43 99 70 73 14 74 59 74 34 7 32 92 80 66 70 26 91 81 81 12 3 67 74 51 22 57 30 94 55 12 74 100 34 34 84 77 25 57 34 44 14 40 95 92 22 61 42 66 14 52 8 43 40 77 88 38 22 76 76 29 12 95 13 93 85 83 6 54 63 21 48 58 57 38 77 41 
46 94 61 45 65 5 7 75 26 31 20 57 7 55 100 52 16 35 43 52 2 11 88 23 3 75 18 31 97 36 97 16 30 97 95 69 77 55 74 83 86 20 22 100 18 14 36 79 57 47 37 33 11 83 80 55 80 33 41 1 77 89 53 8 41 12 28 39 50 88 83 47 15 24 24 79 12 65 17 34 73 64 96 38 44 
70 36 67 59 22 76 22 3 30 36 25 80 85 84 88 83 51 25 92 71 48 70 4 73 21 38 24 85 73 43 94 100 76 10 12 13 65 54 95 21 50 47 97 47 81 41 65 94 67 79 58 5 15 27 12 59 80 24 24 56 43 25 91 44 82 78 61 77 18 2 6 46 62 79 66 19 35 92 15 89 7 95 32 67 
52 72 34 26 94 1 34 99 19 14 51 78 92 83 90 70 27 37 46 67 83 19 41 30 47 53 33 58 56 73 1 15 90 63 2 29 17 21 75 13 79 9 90 97 55 11 62 26 96 8 57 25 92 94 69 22 77 32 77 51 1 60 99 7 15 79 63 26 99 21 43 6 19 17 22 72 91 25 59 66 92 29 14 
6 23 28 58 42 77 15 17 85 37 47 24 21 21 76 13 69 30 89 59 99 8 66 9 66 78 85 45 78 6 99 87 93 60 86 84 70 12 41 87 71 98 17 82 26 6 53 30 3 68 42 33 32 66 55 51 71 10 81 69 8 50 2 76 75 33 34 93 93 13 19 18 4 22 39 2 86 42 54 64 96 87 
49 35 75 82 14 29 20 15 89 38 59 21 85 75 46 6 92 8 45 5 46 68 59 91 85 78 91 65 14 11 53 83 77 97 41 80 70 6 20 66 93 41 47 100 99 3 70 19 59 64 70 84 20 63 42 26 5 69 28 20 72 20 98 28 73 85 87 78 12 13 65 18 13 6 99 64 98 89 56 56 4 
62 81 76 58 41 31 28 11 40 64 35 65 3 42 32 33 71 84 47 68 87 18 94 15 4 1 19 10 49 5 77 58 48 48 96 26 13 21 68 44 82 20 55 43 19 4 57 22 26 26 70 74 87 41 48 60 52 55 2 25 18 5 37 9 43 32 71 88 42 7 32 40 52 64 22 46 91 100 47 17 
90 58 18 57 93 31 37 19 90 27 12 71 42 9 96 24 80 72 98 27 50 47 27 1 15 86 88 57 87 51 55 82 51 17 67 12 39 18 39 98 12 61 85 29 17 99 60 21 4 98 37 79 6 19 75 56 38 98 91 67 83 6 93 37 32 58 94 80 84 92 1 79 96 29 44 35 34 67 99 
75 72 55 43 67 34 44 90 27 10 27 43 7 52 13 6 71 5 52 16 97 28 48 72 17 3 26 62 60 55 2 22 34 32 70 45 9 61 58 39 44 45 34 55 57 45 90 55 64 91 42 50 42 34 10 89 42 61 23 54 88 45 66 55 83 87 48 77 45 3 50 36 7 55 15 71 86 35 
7 69 24 36 79 81 79 71 89 49 31 42 31 1 75 50 4 77 66 32 56 9 23 15 10 65 81 36 5 84 52 51 68 81 95 96 77 70 17 73 91 36 1 93 34 32 31 84 61 75 7 58 85 41 99 31 99 86 59 98 52 88 15 76 12 29 32 50 93 96 64 22 1 14 30 50 68 
87 66 14 63 49 47 63 54 3 44 44 72 40 52 20 77 50 21 55 50 70 38 97 36 34 28 48 58 91 58 49 86 43 73 87 4 87 13 52 46 24 74 35 10 7 91 41 10 34 97 92 11 54 26 28 89 96 76 13 24 18 63 74 62 59 97 84 3 24 97 59 21 62 18 63 53 
55 7 48 23 82 4 55 62 49 25 25 28 11 52 91 68 89 66 72 59 91 22 47 32 1 83 24 97 46 1 77 18 86 34 66 79 58 100 7 51 93 99 100 92 66 70 43 67 74 3 59 41 5 65 41 9 73 73 43 55 41 59 42 75 98 40 57 37 79 91 59 3 99 30 24 
74 48 71 64 100 98 29 38 93 87 97 5 1 9 71 19 12 22 73 50 95 18 63 64 20 63 73 14 17 67 68 22 27 9 49 84 69 77 56 63 4 51 71 38 31 5 5 35 4 4 85 55 50 30 47 9 66 84 45 34 66 68 78 30 58 33 69 91 86 97 3 66 73 59 
55 53 78 41 76 56 71 72 23 76 85 51 78 8 43 16 26 81 42 7 30 100 95 100 8 91 94 22 69 50 55 80 10 7 15 25 93 61 73 2 40 19 64 17 29 24 62 92 71 4 41 36 81 24 72 68 42 54 40 88 57 55 40 49 43 20 43 84 38 62 71 20 68 
92 96 28 18 99 1 82 23 17 17 94 57 4 10 2 43 93 85 55 56 65 42 80 65 63 21 52 45 59 8 10 78 37 33 73 18 3 24 100 82 55 83 89 25 60 75 87 25 82 42 12 46 82 94 8 24 19 76 4 69 44 7 28 42 10 79 91 19 38 53 97 76 
12 55 20 56 17 30 94 73 37 99 34 72 59 32 86 46 76 30 42 62 85 84 84 59 47 92 30 61 17 10 1 96 90 35 69 69 23 58 24 51 100 100 7 37 15 98 28 38 8 32 76 62 49 97 100 91 1 28 89 99 14 42 63 77 94 45 16 28 31 71 16 
35 27 57 24 3 17 4 30 5 34 99 79 90 86 95 50 87 90 93 7 37 70 62 28 19 61 82 30 3 83 62 54 61 70 6 41 64 56 2 98 73 64 81 28 83 50 30 25 77 16 20 84 39 55 95 95 10 79 68 10 5 48 24 54 75 98 28 74 2 17 
93 77 35 98 10 20 36 99 85 18 5 96 13 54 56 3 40 29 39 30 86 78 69 79 80 13 81 69 95 44 60 21 32 13 59 66 32 78 55 77 84 13 17 69 30 21 80 95 10 89 77 90 46 64 79 6 94 48 58 92 12 53 5 41 13 20 78 51 67 
2 74 46 57 53 40 21 11 34 100 86 90 87 44 11 2 100 12 98 47 17 2 47 60 5 69 80 10 95 79 51 66 27 36 41 45 80 27 13 59 78 13 93 79 14 33 4 45 27 93 69 18 19 7 96 41 53 65 24 50 82 75 17 42 14 31 41 21 
67 81 52 7 76 20 36 68 89 67 43 51 7 80 91 75 34 96 8 33 87 72 63 9 50 44 94 44 92 28 72 79 80 61 88 4 60 97 69 28 51 2 2 8 70 84 37 95 33 62 61 23 91 67 45 99 70 18 14 7 80 21 59 74 35 31 97 
31 9 99 55 66 56 88 13 60 15 33 51 63 59 92 33 36 59 84 93 60 73 21 34 3 58 93 44 2 85 45 30 58 5 86 65 53 49 7 38 6 73 41 18 54 6 88 65 19 72 36 97 31 7 77 89 9 83 59 91 36 23 46 30 17 18 
23 24 91 71 100 18 5 62 28 51 82 72 55 89 35 52 78 62 15 86 58 36 68 98 75 62 55 30 20 87 31 32 39 50 53 21 55 97 20 39 54 14 93 73 97 40 85 69 53 85 41 44 48 28 16 32 93 67 92 40 60 99 36 4 54 
91 16 70 89 96 78 70 76 74 68 75 44 14 92 40 76 48 32 10 59 98 95 71 34 25 58 91 29 50 51 56 100 14 63 29 33 42 25 58 61 7 79 1 16 69 26 17 49 66 96 63 78 89 14 84 85 6 55 29 19 8 51 18 18 
8 29 79 88 61 24 58 44 26 24 90 30 18 32 83 30 71 96 9 23 68 73 65 84 88 99 16 26 61 72 97 15 97 60 11 15 15 95 37 96 89 57 36 17 17 76 23 89 22 81 25 66 92 97 52 34 82 13 99 60 7 90 84 
100 67 78 37 54 48 91 68 52 83 15 37 86 43 78 73 59 92 65 14 28 77 19 24 69 42 5 73 8 54 47 70 32 64 95 41 65 32 79 29 44 27 12 49 27 18 17 38 45 97 38 77 65 73 94 70 45 96 4 8 64 44 
47 4 89 71 65 92 20 64 37 70 95 72 8 84 78 41 11 87 70 65 72 61 83 100 57 76 52 42 48 6 41 22 95 47 78 17 69 97 83 71 1 85 25 86 88 40 33 1 11 5 97 25 46 100 75 20 19 6 90 7 29 
24 20 7 57 49 39 62 98 29 9 12 82 98 34 69 7 94 30 71 20 26 95 94 74 1 54 46 18 93 52 6 88 60 66 55 12 76 88 5 37 20 96 88 27 8 56 9 28 29 4 6 11 84 39 70 56 18 26 64 14 
67 96 30 33 82 11 99 73 36 98 78 73 44 74 67 23 42 35 5 49 53 78 88 11 53 7 36 40 9 81 76 81 63 29 66 67 65 44 39 17 43 81 3 66 91 68 74 73 21 83 65 41 86 17 26 2 88 19 7 
4 30 58 90 21 47 10 42 58 3 91 79 91 70 16 52 41 99 98 99 91 38 56 60 10 93 42 41 47 80 65 19 34 91 55 22 28 54 27 68 99 66 1 6 74 13 91 86 45 52 19 32 12 53 98 14 57 57 
50 27 59 67 16 26 35 37 27 14 6 42 15 23 5 88 16 4 55 9 54 79 90 95 17 13 82 59 67 100 99 73 33 30 51 87 93 14 77 6 81 24 1 59 19 85 52 56 46 59 5 61 91 80 83 58 25 
35 9 41 79 5 74 86 86 56 55 1 83 87 15 68 47 2 76 44 62 93 86 67 81 15 66 96 6 87 69 2 67 85 53 79 26 9 57 71 50 34 37 29 8 62 57 9 30 97 11 49 35 78 93 5 72 
36 61 43 31 76 1 14 27 25 2 3 32 36 58 81 21 64 53 73 24 6 70 76 98 62 90 28 90 12 55 17 57 100 30 82 54 64 2 43 90 61 60 34 94 64 65 25 17 52 5 25 56 1 36 72 
8 36 10 45 6 50 26 82 62 48 80 62 83 81 10 17 99 42 42 46 61 59 69 18 44 65 64 33 48 82 19 67 59 84 76 9 67 71 31 24 65 64 33 21 83 64 63 33 100 75 81 59 68 30 
84 54 52 82 88 14 37 32 65 100 100 18 42 50 89 96 54 1 83 79 57 34 94 98 54 36 48 66 90 65 48 97 27 7 14 70 55 97 69 70 25 11 21 57 23 7 35 89 44 47 39 96 58 
34 2 76 27 25 80 51 73 20 5 83 73 59 35 39 98 70 83 58 14 78 28 87 75 50 24 66 60 43 69 36 93 53 28 37 58 64 52 7 19 6 23 52 57 74 11 8 58 91 59 73 53 
49 50 61 27 27 25 96 6 43 41 13 4 52 51 32 40 87 64 24 98 78 41 44 99 22 19 33 81 49 60 89 19 26 16 15 26 65 13 31 43 70 38 49 8 5 36 72 19 4 12 35 
47 85 72 6 39 84 82 4 23 39 3 29 17 21 76 78 61 73 74 3 78 81 55 58 29 36 20 77 9 93 47 1 10 48 5 19 54 46 8 37 19 74 57 73 30 38 18 24 87 32 
59 81 31 35 35 100 46 8 6 67 67 34 71 60 6 39 95 49 33 45 69 53 52 64 4 48 56 55 9 21 6 86 79 34 61 85 85 22 40 52 10 94 11 11 39 21 16 61 21 
39 50 5 51 62 23 90 45 49 84 17 51 94 80 35 27 59 67 12 59 11 79 43 15 40 36 46 45 72 42 84 20 28 4 86 57 88 21 66 48 76 21 98 72 45 12 4 53 
29 87 81 29 25 34 82 80 93 67 97 81 90 87 33 3 31 66 62 33 51 55 70 82 62 78 81 61 51 96 24 93 62 11 10 33 45 39 22 41 17 42 51 54 60 56 91 
80 37 36 99 25 83 100 41 15 87 73 3 15 90 7 32 2 75 68 49 68 54 77 16 87 72 78 45 76 41 28 76 87 15 27 79 25 1 7 25 52 3 78 54 54 61 
3 32 1 63 53 75 71 93 12 56 41 28 39 72 93 42 2 1 73 58 37 31 14 46 60 30 81 15 1 84 75 38 35 11 41 5 93 34 80 98 64 70 31 40 13 
61 36 23 99 41 12 46 33 47 14 74 48 27 37 13 98 37 92 1 6 20 80 70 68 50 31 91 78 15 5 75 98 51 88 2 34 67 55 95 78 46 10 97 95 
60 96 3 81 87 62 93 39 53 3 12 45 84 58 94 97 93 38 20 79 41 67 12 41 67 30 18 93 13 36 21 46 55 40 29 28 74 95 87 66 56 54 24 
98 19 8 48 82 91 57 31 6 21 24 23 38 95 12 8 79 61 13 98 93 17 15 96 14 4 18 88 87 42 67 16 24 43 3 26 28 83 45 53 91 48 
38 58 6 42 15 82 2 22 26 51 23 81 47 17 55 21 36 67 39 100 77 68 73 35 32 79 78 19 55 8 95 14 33 87 93 9 35 68 9 93 82 
12 31 79 30 10 41 14 21 52 84 61 57 58 67 16 27 79 84 81 42 47 12 49 40 61 37 75 1 74 98 69 12 15 97 21 27 83 95 85 75 
9 94 39 91 67 12 87 58 28 88 1 79 82 21 97 6 89 53 43 1 3 27 60 99 36 20 35 11 7 61 40 48 4 44 32 94 62 3 88 
30 8 63 92 51 61 22 95 75 56 9 73 36 22 42 75 42 61 73 81 2 90 28 42 95 56 47 99 79 60 45 30 77 29 38 78 100 52 
87 50 9 77 99 26 95 21 65 97 80 37 81 76 85 76 79 95 60 36 81 96 54 37 74 100 53 63 67 59 52 76 23 46 99 49 10 
14 58 27 33 29 33 75 26 86 43 93 64 65 55 2 64 8 75 28 1 12 93 26 72 39 39 18 42 2 79 94 83 13 3 52 34 
11 18 50 58 12 80 90 92 5 90 84 10 50 36 67 52 28 26 89 59 77 38 20 87 77 78 31 24 30 80 34 82 27 28 20 
19 27 29 98 11 88 32 33 73 80 96 63 23 87 45 79 17 99 89 9 55 47 17 72 57 32 69 50 91 4 64 42 30 3 
28 99 58 96 52 76 81 62 80 99 96 75 67 50 92 65 95 75 8 36 41 1 11 8 63 81 65 19 10 80 56 64 83 
38 78 43 82 40 79 92 80 93 17 85 87 36 56 15 67 100 54 70 69 33 39 37 42 31 74 98 23 5 97 1 97 
28 73 96 30 47 96 45 96 90 24 14 89 97 91 100 64 19 53 82 85 50 13 25 81 89 18 28 26 93 10 51 
99 75 98 83 78 4 59 44 99 55 66 29 13 99 75 82 4 31 52 69 18 59 8 21 65 63 54 5 77 50 
18 48 49 7 13 23 5 97 51 77 50 5 37 97 9 51 23 63 93 9 7 30 78 30 76 58 73 24 63 
15 63 41 16 100 41 50 65 97 96 67 66 35 36 37 58 69 89 20 41 90 53 20 29 36 67 24 3 
38 27 93 7 2 44 4 23 91 33 95 90 70 23 99 96 59 51 14 76 54 82 6 75 7 31 20 
91 61 37 82 12 10 24 80 59 78 19 14 92 70 79 70 6 18 84 93 51 32 74 99 20 44 
43 34 38 92 87 9 93 65 6 29 58 23 21 8 71 25 81 37 43 85 97 92 6 94 93 
87 5 12 53 25 5 50 90 2 53 65 54 3 50 55 80 85 48 8 29 63 66 27 23 
11 79 57 36 95 61 19 48 29 6 33 25 21 2 17 23 45 90 38 47 22 46 10 
15 91 70 2 11 89 7 47 100 6 27 64 22 50 51 33 10 81 80 85 2 56 
39 78 78 33 75 37 35 31 6 57 94 20 41 54 54 92 45 52 98 29 88 
88 22 70 68 29 28 54 3 5 96 92 92 92 20 9 50 80 84 32 33 
90 83 93 79 61 64 84 17 96 27 95 27 3 43 47 34 77 40 100 
17 2 39 12 55 66 12 42 44 41 68 24 57 10 12 48 44 24 
10 26 81 92 17 71 60 72 55 66 94 72 74 22 11 2 58 
89 43 40 69 85 29 41 27 41 15 74 64 61 4 75 84 
21 84 59 31 44 44 66 62 50 92 19 23 37 87 75 
86 93 21 59 92 1 16 74 5 78 36 30 26 39 
19 1 88 72 71 42 80 71 27 62 68 28 18 
74 82 79 54 1 20 38 94 9 3 86 5 
97 27 37 30 76 20 2 22 50 88 90 
66 21 34 89 58 98 73 81 47 17 
18 92 7 90 32 78 3 11 27 
24 9 32 50 15 24 79 3 
81 8 84 21 84 59 41 
63 74 18 92 59 92 
91 55 75 71 58 
46 87 69 43 
3 82 9 
86 15 
26 