100
44 12 76 62 1 87 3 77 21 72 -1 32 47 -1 88 7 25 66 49 95 20 86 94 44 11 77 -1 48 61 80 59 57 82 56 77 70 4 63 31 92 79 36 94 74 55 55 18 18 31 85 26 90 9 64 27 9 35 25 17 46 25 20 4 93 59 47 88 54 20 82 82 66 9 77 67 9 70 92 2 90 40 68 38 80 12 49 58 22 63 65 16 45 30 18 70 12 22 42 11 18 
63 -1 72 74 70 -1 35 3 95 68 56 7 57 31 76 66 5 73 62 25 47 18 7 -1 26 58 43 31 75 23 56 88 64 82 48 70 -1 85 88 43 20 21 27 94 5 70 5 28 29 86 67 26 95 4 64 80 84 50 77 47 2 50 92 11 13 52 1 76 81 19 64 3 73 24 82 57 74 21 88 84 39 76 23 32 65 32 29 66 36 69 63 44 69 28 58 91 63 38 7 
66 85 72 -1 95 23 12 25 71 33 74 88 65 77 62 79 64 87 19 1 40 70 68 28 8 41 15 20 27 44 19 86 26 83 61 26 1 26 10 50 43 38 83 17 19 62 84 21 57 93 3 38 62 75 90 22 19 95 66 49 53 68 88 76 16 33 31 31 55 92 75 69 88 22 55 60 60 92 16 15 18 16 26 47 81 88 34 7 33 32 29 34 37 41 91 48 33 78 
62 64 55 51 71 38 68 11 43 33 13 26 54 55 23 4 14 20 53 69 22 39 26 70 38 47 57 27 39 44 82 64 -1 58 11 39 64 70 5 3 26 5 37 17 73 39 92 82 19 88 54 54 26 51 69 31 5 32 37 66 93 1 6 95 80 32 -1 37 62 6 72 -1 29 -1 80 36 95 22 22 26 34 63 28 92 58 56 85 94 88 89 89 -1 36 2 66 74 78 
95 57 38 62 37 58 9 8 45 78 15 51 72 81 82 63 1 54 48 3 85 82 2 14 9 89 21 45 36 51 55 83 93 45 4 29 68 9 94 73 72 48 95 13 90 87 24 83 82 -1 58 1 20 40 79 23 62 23 7 3 62 87 33 29 43 19 75 12 60 6 86 48 25 59 15 82 81 67 85 12 48 63 35 55 42 27 69 67 85 48 1 86 23 14 62 8 
2 49 76 25 64 31 5 16 82 45 95 2 12 69 12 88 70 76 15 27 56 46 54 4 88 61 63 63 85 84 74 83 72 57 51 4 5 33 38 67 22 41 40 44 10 16 -1 83 12 87 71 89 78 62 95 19 79 27 24 49 7 48 85 89 23 92 68 11 52 56 23 55 20 -1 60 92 89 19 54 71 19 52 13 63 41 63 71 89 33 55 26 12 13 10 46 
7 93 3 34 1 49 44 87 62 74 42 9 34 68 12 93 49 31 77 64 69 68 37 37 75 77 63 -1 24 42 8 21 87 32 18 52 11 9 89 23 88 82 7 -1 40 1 52 51 74 57 2 67 94 53 22 91 86 18 71 21 -1 52 35 19 54 18 46 28 48 44 -1 36 33 17 32 63 46 90 80 50 9 -1 13 53 49 93 31 45 57 72 61 57 32 43 
12 20 18 8 78 22 44 33 56 9 33 62 20 92 17 85 92 72 14 62 -1 60 57 14 2 2 65 5 32 37 66 85 74 95 89 62 68 46 86 -1 55 77 78 54 39 -1 62 74 10 73 70 47 28 85 -1 88 78 48 24 68 86 91 9 11 11 61 53 81 72 28 15 88 14 20 17 62 44 37 39 1 7 5 46 19 -1 86 57 10 58 63 52 79 74 
-1 14 -1 55 12 70 41 63 11 73 1 82 79 40 81 9 22 29 73 55 17 81 5 1 57 30 15 76 -1 41 59 60 10 65 35 28 80 89 60 29 39 91 74 11 31 74 22 12 40 31 43 11 90 29 13 68 49 26 22 34 89 92 78 81 14 5 46 36 44 57 8 62 83 15 6 -1 43 62 33 19 35 74 -1 52 17 37 18 92 81 1 31 10 
39 18 81 55 82 48 31 86 27 21 21 53 15 88 67 64 11 5 34 40 21 49 73 9 22 19 53 95 30 40 59 7 19 10 95 56 81 91 -1 74 56 51 48 22 44 54 65 67 87 -1 14 -1 32 56 22 1 23 18 75 45 79 79 90 2 23 36 43 -1 65 92 65 31 93 19 24 5 26 73 4 76 13 1 78 -1 78 53 76 94 82 72 25 
18 59 7 63 30 8 51 82 31 94 -1 1 85 56 80 13 6 13 92 87 27 62 53 -1 65 44 35 22 87 46 27 5 11 35 67 60 53 35 22 43 3 12 21 89 21 56 26 -1 4 37 82 38 45 40 16 68 84 94 52 46 93 60 16 79 88 26 34 93 19 90 58 11 85 80 14 25 33 14 87 54 72 -1 89 21 77 75 61 59 33 26 
33 70 71 23 32 43 70 62 27 51 38 56 42 82 33 5 44 2 40 14 30 31 -1 19 89 27 82 6 18 4 86 69 44 39 28 19 66 10 10 48 68 83 40 76 89 91 55 25 41 50 81 48 43 77 27 73 76 43 2 4 48 78 29 46 51 89 49 7 89 42 73 15 44 22 55 21 84 83 25 -1 13 17 24 38 56 61 24 28 70 
30 21 39 41 74 85 3 48 40 38 2 90 41 61 -1 78 15 3 38 74 57 66 44 66 83 12 36 92 4 9 68 -1 28 57 76 63 2 6 9 43 26 4 61 66 67 22 13 35 55 93 70 95 93 63 10 -1 25 76 45 41 91 88 79 38 55 31 49 60 68 4 3 54 39 77 1 48 82 7 3 35 94 63 54 35 51 76 89 52 
21 40 28 1 44 81 56 85 2 -1 34 76 77 10 75 48 63 21 26 64 71 26 30 65 14 -1 55 7 9 33 5 88 78 -1 44 79 95 5 35 88 50 63 40 79 31 2 5 39 22 19 79 78 64 -1 69 18 76 59 67 23 95 17 21 -1 30 11 77 68 63 64 5 60 5 65 26 38 29 10 12 16 68 -1 50 72 70 70 14 
29 56 95 46 1 80 26 66 76 22 66 79 1 84 90 -1 21 91 33 14 57 63 84 3 44 78 34 74 89 63 20 94 90 51 68 -1 83 34 17 76 74 15 24 22 44 12 74 35 76 19 -1 26 80 92 91 40 1 36 55 27 87 42 67 55 82 91 23 19 88 15 94 79 74 56 39 56 66 88 60 15 24 72 86 8 36 59 
-1 25 61 23 -1 91 44 39 -1 61 64 46 6 19 64 57 83 88 83 27 15 12 44 10 33 36 -1 63 28 56 68 87 58 19 95 3 72 91 9 60 51 13 75 -1 73 -1 35 4 64 27 3 2 65 -1 16 28 80 -1 40 30 79 78 32 49 27 35 46 40 47 49 74 65 63 91 16 82 56 19 3 25 1 62 57 76 95 
90 -1 -1 89 15 86 80 1 81 10 78 -1 11 17 91 68 67 13 18 -1 27 15 60 84 79 50 2 25 70 83 34 26 17 9 51 50 90 91 -1 48 52 16 24 11 35 42 52 76 59 47 27 39 67 48 3 2 26 49 16 92 10 91 8 73 47 -1 -1 19 50 17 5 31 81 62 64 27 44 37 83 23 3 73 43 58 
11 79 71 66 85 13 61 68 44 89 87 8 65 77 4 88 19 -1 28 62 42 80 71 41 45 20 38 4 58 72 42 69 74 80 62 72 46 40 56 26 63 36 36 58 84 27 84 70 -1 19 71 89 67 87 -1 10 73 -1 38 25 72 -1 91 94 31 1 35 92 56 40 50 86 49 59 87 56 1 -1 90 2 67 56 49 
55 26 74 8 9 53 15 62 46 72 -1 91 48 28 86 69 49 77 15 90 93 2 93 32 18 29 18 14 5 22 18 14 33 63 10 80 24 28 14 46 39 91 49 -1 10 14 8 45 48 70 1 49 27 3 33 36 56 86 65 70 29 48 4 27 51 -1 57 49 24 49 47 50 44 40 23 1 26 37 65 38 29 94 
24 25 10 19 14 18 32 41 83 22 55 81 53 85 32 7 25 95 44 74 79 30 93 1 70 8 24 78 39 62 79 92 24 40 39 15 48 9 -1 8 71 66 43 30 59 74 13 68 13 83 62 -1 91 17 43 41 35 22 48 7 89 59 58 73 40 65 38 75 36 92 16 81 19 46 94 31 5 16 70 16 50 
49 33 79 61 24 46 43 12 1 86 4 76 62 80 42 21 7 12 58 2 76 45 41 62 62 8 69 38 50 44 53 18 53 48 29 19 65 65 38 37 -1 83 25 27 28 82 29 71 89 88 37 55 15 23 52 65 45 -1 28 63 6 81 76 78 34 17 21 51 24 61 64 91 81 4 26 85 65 53 42 21 
60 72 10 12 56 44 47 52 69 68 47 58 32 39 67 -1 26 -1 79 34 73 87 57 67 93 49 93 67 69 57 76 37 57 9 27 14 75 91 69 5 9 95 73 79 13 41 5 54 73 -1 86 3 58 78 32 91 27 30 33 78 -1 47 75 1 80 5 34 66 33 41 12 7 42 48 28 87 -1 13 22 
41 61 68 77 21 32 22 67 93 92 49 81 -1 56 63 62 9 51 85 28 70 91 21 16 47 27 8 86 47 58 27 56 41 95 19 12 50 56 -1 56 35 30 17 67 82 3 68 -1 87 76 12 4 41 79 50 4 -1 82 37 36 3 17 12 22 2 68 88 75 17 40 30 23 41 62 85 27 78 5 
7 68 81 87 69 45 88 15 88 2 52 2 75 37 17 49 12 13 93 22 23 50 20 69 58 84 52 8 90 -1 64 75 71 -1 21 92 78 79 36 -1 70 28 40 -1 36 22 85 12 60 75 -1 19 84 76 63 21 46 69 91 70 23 86 21 19 41 30 15 87 37 67 5 10 77 45 -1 44 78 
75 81 74 13 22 27 95 45 79 85 74 13 89 89 49 50 56 52 79 63 53 37 63 75 17 60 -1 39 72 14 -1 43 10 77 22 12 57 80 24 40 93 84 50 3 47 50 1 89 70 46 48 17 47 82 52 23 64 74 90 84 50 93 -1 84 81 60 86 87 81 31 20 38 60 -1 19 93 
65 94 52 48 31 16 4 29 65 37 29 76 3 95 47 5 11 7 92 90 82 71 18 95 35 26 74 5 71 89 72 75 60 94 59 11 13 57 84 32 68 48 77 14 76 69 41 94 82 20 14 89 6 95 46 63 54 80 90 95 37 44 92 76 6 13 81 72 90 54 26 92 55 32 2 
13 21 83 43 72 56 5 11 91 31 25 16 57 31 91 66 46 57 5 76 27 18 35 56 76 47 80 19 95 3 14 6 78 39 30 23 13 83 76 57 44 47 30 59 38 13 2 43 43 53 18 85 -1 20 66 55 68 58 4 49 62 2 60 25 57 92 91 79 54 19 87 48 54 35 
75 60 25 24 81 1 3 90 5 5 23 1 62 80 94 62 15 62 94 4 44 66 15 94 81 39 63 63 92 74 72 1 88 70 34 53 -1 68 80 44 22 87 75 35 9 77 63 6 74 30 22 41 36 47 37 37 20 45 13 74 51 13 33 63 88 93 56 6 57 -1 64 39 41 
95 92 33 6 57 -1 52 34 2 75 56 22 25 78 1 95 94 76 -1 85 13 22 -1 13 39 26 4 34 50 52 36 59 45 86 7 82 13 55 38 12 80 2 79 41 94 75 70 51 24 29 86 22 69 81 8 11 59 20 10 9 86 93 38 19 87 21 69 68 87 73 57 87 
37 46 21 47 13 50 20 14 -1 74 12 79 42 66 8 17 68 26 1 51 71 64 3 30 54 46 85 27 90 24 92 16 28 25 16 75 60 61 69 79 2 35 37 40 1 16 23 56 8 46 54 26 38 86 17 34 69 81 45 82 92 64 88 22 -1 -1 81 9 39 32 -1 
64 69 37 40 60 63 12 54 6 15 46 66 28 73 -1 88 18 51 18 56 73 51 83 -1 22 34 36 75 36 41 19 -1 33 89 76 20 26 70 95 67 32 73 52 56 -1 55 82 4 93 76 2 6 45 28 41 30 11 83 58 55 35 45 29 2 72 80 79 88 57 78 
37 89 74 34 7 31 8 53 39 33 34 21 89 75 75 56 74 22 2 47 10 80 2 13 76 48 56 91 67 78 23 20 49 72 83 69 59 53 49 86 30 89 72 -1 90 5 88 76 25 43 19 48 12 53 61 64 23 69 38 56 44 1 45 24 32 64 66 29 39 
72 13 70 47 92 85 74 -1 90 20 27 59 64 30 18 53 35 66 77 87 12 91 57 1 34 73 5 78 71 88 36 47 64 26 76 49 24 88 76 40 63 87 18 95 6 95 4 26 33 95 50 51 70 39 94 72 33 12 88 28 69 71 83 -1 70 63 65 89 
80 19 36 90 42 49 2 70 -1 54 92 45 90 39 71 41 6 74 63 71 7 3 36 43 84 86 56 48 92 69 52 50 68 36 86 67 43 12 52 28 8 5 39 80 33 17 70 -1 48 76 75 53 65 27 -1 39 92 9 -1 89 22 80 31 38 31 25 81 
16 60 51 27 53 15 8 40 28 66 35 11 13 21 72 86 54 57 28 26 80 79 23 -1 6 73 28 89 34 -1 83 55 57 26 45 32 24 15 79 20 64 63 14 81 10 5 29 23 73 49 60 10 92 54 3 92 70 26 26 62 27 50 6 31 85 27 
83 23 60 9 90 83 44 46 84 70 46 40 8 88 8 9 78 9 22 67 80 51 60 70 75 8 26 73 6 64 54 63 27 5 58 5 38 31 30 16 68 64 86 68 79 48 73 80 64 8 -1 90 45 7 78 -1 33 71 66 2 67 19 54 20 77 
87 76 3 81 8 52 88 81 77 86 49 57 74 21 24 12 90 20 4 16 70 43 90 42 80 43 28 76 57 15 95 15 83 89 93 6 36 1 44 -1 17 74 31 87 86 65 45 51 -1 69 47 6 63 17 -1 64 -1 -1 68 55 39 89 65 89 
65 85 75 58 45 10 82 89 72 46 59 7 30 87 81 57 5 31 -1 14 42 87 69 82 24 13 38 63 14 36 68 79 84 78 26 14 49 3 14 40 24 85 46 51 63 13 79 35 42 21 70 71 30 41 74 79 20 92 36 47 92 94 17 
37 -1 13 84 -1 29 30 7 68 -1 57 59 50 89 58 42 65 33 90 34 93 68 -1 68 -1 37 58 68 72 92 16 87 55 77 46 93 -1 53 31 49 94 29 31 95 73 54 22 8 51 62 56 16 92 55 4 75 50 2 94 72 62 58 
28 11 62 83 -1 65 80 25 38 56 63 19 88 25 58 42 92 86 55 13 4 31 15 57 56 62 11 63 95 62 75 73 5 71 -1 14 28 93 15 95 50 75 11 71 58 19 89 -1 15 87 26 52 -1 12 79 74 27 87 65 10 62 
17 88 17 88 1 75 85 40 83 79 -1 94 7 6 84 63 19 59 68 79 7 32 82 21 46 62 22 31 29 61 31 52 13 2 63 40 13 72 74 87 30 12 39 24 11 32 39 69 64 94 18 22 8 51 18 36 -1 -1 15 57 
47 86 89 53 15 82 -1 67 47 51 3 53 72 83 88 62 33 89 74 8 60 46 39 3 9 34 17 49 21 69 51 89 12 29 -1 47 36 53 95 52 14 84 27 54 49 30 14 35 -1 31 31 26 38 44 4 35 76 55 17 
44 6 86 63 68 56 40 70 86 69 38 25 36 5 90 81 24 75 39 4 13 61 -1 86 68 82 91 81 10 14 19 52 54 40 19 44 -1 15 93 15 14 11 24 6 18 43 20 79 64 58 1 52 57 53 41 13 51 67 
75 17 73 25 93 85 68 35 85 84 6 1 13 15 37 50 18 65 84 32 37 86 48 33 4 29 12 3 77 78 46 18 9 24 54 50 30 67 15 62 82 60 31 20 82 79 73 23 76 77 10 57 62 57 44 51 94 
64 16 59 -1 44 39 22 58 16 94 14 42 80 49 70 63 42 95 95 62 89 63 72 17 6 25 91 57 18 -1 82 27 -1 69 33 81 55 77 88 86 56 74 27 81 70 79 66 15 12 -1 63 55 89 62 41 15 
33 33 58 35 23 87 44 48 73 92 -1 74 24 53 71 57 62 62 51 37 88 11 37 27 61 51 -1 47 24 85 67 -1 46 56 35 25 35 -1 87 18 88 23 21 70 71 63 51 5 7 8 59 70 82 44 80 
44 35 36 40 87 57 24 81 91 44 52 63 53 74 87 13 89 77 14 8 3 32 -1 72 32 16 77 73 64 66 65 33 57 65 2 28 80 27 -1 69 12 83 25 8 8 77 90 23 54 87 -1 5 72 -1 
28 22 93 30 5 83 13 11 2 53 57 26 93 9 27 64 54 13 -1 31 4 58 75 14 31 38 86 85 2 39 33 39 1 57 82 9 80 47 91 33 71 63 33 72 5 86 84 91 38 45 42 69 3 
75 -1 60 82 53 45 60 45 -1 40 2 91 46 11 72 94 15 11 12 4 58 23 88 45 42 53 34 48 85 35 92 64 58 10 67 90 50 34 90 71 17 47 31 27 36 42 26 85 94 19 84 17 
63 51 62 76 50 53 27 38 26 76 84 54 59 75 52 6 70 36 85 81 92 31 85 19 84 30 19 35 66 74 83 11 12 51 22 70 45 58 30 12 5 87 75 87 81 69 3 90 72 86 23 
39 56 35 87 3 9 66 11 -1 84 62 66 31 77 -1 36 73 40 46 35 41 11 37 28 -1 -1 71 7 86 69 94 25 88 44 3 65 44 29 6 3 17 15 90 61 13 80 3 35 18 5 
3 88 14 77 24 72 -1 27 17 50 80 53 79 32 81 47 6 78 82 87 75 79 30 53 83 57 23 81 36 84 5 65 62 88 -1 12 65 65 62 -1 23 75 57 37 -1 -1 62 36 13 
-1 41 5 18 73 93 75 26 62 67 55 11 60 25 11 85 4 17 92 78 89 58 35 85 68 9 10 86 75 49 8 54 -1 92 50 29 62 22 48 64 24 82 75 53 -1 16 3 56 
67 49 57 5 30 87 10 52 80 79 68 41 56 28 57 48 -1 -1 42 61 82 80 58 3 75 85 -1 28 3 44 55 22 53 50 74 62 34 53 52 66 44 77 23 63 60 70 84 
36 91 77 26 90 88 22 58 53 90 3 73 17 19 66 4 51 69 15 11 61 73 13 4 12 12 38 2 60 83 2 22 56 62 86 6 94 13 66 62 93 29 88 22 80 30 
37 65 72 47 10 27 72 66 24 78 65 76 34 95 66 50 94 43 -1 32 -1 16 51 24 47 47 20 36 39 13 31 22 69 82 68 51 27 8 91 40 59 35 18 73 29 
55 95 55 27 34 35 3 84 86 55 70 -1 6 86 66 14 9 6 16 31 94 78 41 38 73 35 10 61 39 53 51 89 1 77 3 72 10 12 -1 5 63 91 19 60 
68 63 65 67 36 16 57 86 38 84 95 55 25 63 44 90 31 46 19 -1 22 15 83 95 31 -1 29 91 15 89 20 38 29 43 17 68 38 67 24 12 58 71 64 
64 62 52 58 38 84 7 62 36 57 92 -1 94 48 7 49 75 78 86 62 86 2 84 26 88 3 5 91 4 52 22 76 25 95 44 85 55 91 55 63 14 29 
69 50 44 34 53 17 8 53 5 78 76 13 55 45 1 63 58 73 56 10 89 20 60 64 42 52 25 15 52 34 63 58 80 3 47 12 89 71 94 22 18 
94 15 71 47 25 61 13 28 16 73 74 49 7 31 70 66 65 41 81 39 8 10 2 77 64 32 7 48 -1 43 62 88 57 95 46 30 95 74 -1 48 
70 33 7 67 31 83 40 85 94 5 -1 20 56 11 65 90 61 62 71 2 -1 8 6 48 48 55 57 5 60 -1 76 41 68 41 71 49 74 29 -1 
94 56 36 3 5 89 3 75 70 47 12 74 18 48 2 69 95 25 52 65 45 32 44 90 20 65 19 54 95 29 40 7 13 66 75 6 43 76 
83 78 79 83 84 61 33 44 38 83 87 -1 77 60 35 45 92 53 49 54 43 52 59 31 24 10 1 64 8 39 86 91 94 64 21 77 74 
45 92 19 69 89 85 3 80 42 5 67 58 59 26 43 79 57 70 35 81 7 82 80 56 95 42 57 -1 26 31 14 50 21 64 71 7 
44 12 52 17 77 43 9 61 1 80 88 43 70 40 54 26 32 2 26 63 55 68 24 -1 38 -1 81 24 88 -1 17 28 27 69 86 
56 55 94 6 35 28 1 80 58 29 23 1 24 71 79 74 20 16 55 8 18 30 93 2 53 1 27 46 71 -1 32 77 67 64 
19 84 48 49 49 82 29 65 21 92 3 14 6 25 29 33 87 63 57 2 49 20 17 42 9 3 39 5 20 21 30 85 66 
95 3 62 13 93 68 91 43 81 27 60 67 -1 37 39 42 34 20 46 88 82 25 40 16 55 58 45 15 63 68 17 61 
56 31 84 44 7 25 6 33 38 72 52 86 31 51 8 90 5 40 7 5 27 -1 -1 33 91 30 27 45 1 85 63 
28 62 -1 31 20 26 39 67 40 13 18 11 27 90 78 33 84 1 60 52 -1 83 32 93 57 70 37 24 17 -1 
69 1 16 57 53 68 82 84 78 13 75 25 87 21 55 -1 10 7 -1 53 24 75 26 48 3 52 34 12 72 
25 40 10 37 70 2 84 -1 47 89 71 71 64 20 93 6 89 79 13 90 71 6 36 59 37 2 51 66 
83 12 57 25 15 60 -1 54 75 22 7 46 48 -1 58 74 58 78 32 77 91 8 16 89 70 45 53 
90 93 76 29 70 8 54 34 23 42 21 20 22 92 42 -1 54 3 7 38 54 66 2 93 23 22 
11 75 26 56 66 80 49 46 1 43 36 43 59 3 82 60 60 44 69 -1 41 92 20 22 40 
28 46 64 -1 52 83 54 4 19 50 68 -1 37 10 -1 72 44 2 24 24 56 22 44 50 
80 71 35 3 -1 71 61 3 69 9 43 83 63 85 58 44 76 40 76 58 49 85 12 
39 90 88 85 63 58 72 14 30 42 31 59 2 88 45 23 7 6 73 68 94 84 
31 12 48 81 6 -1 63 36 93 78 70 84 82 94 -1 43 29 15 4 77 14 
39 93 7 60 15 70 15 -1 76 43 8 53 2 39 39 7 71 64 4 -1 
43 70 44 39 84 12 43 -1 14 11 78 11 13 90 57 8 78 43 79 
82 62 68 -1 73 42 56 39 45 51 42 29 -1 70 78 -1 85 81 
28 -1 31 -1 88 4 36 57 51 37 21 37 22 71 90 69 54 
56 76 36 68 90 7 14 25 34 86 71 -1 12 6 50 3 
92 3 78 82 88 32 24 72 8 26 -1 79 33 9 18 
75 79 78 26 81 18 46 83 2 42 -1 22 66 8 
95 32 70 21 12 10 68 41 65 86 58 66 73 
63 64 52 1 26 65 3 50 20 71 8 57 
45 84 45 72 82 -1 45 80 33 56 25 
14 1 52 56 45 80 76 29 33 16 
31 34 -1 2 66 80 9 42 73 
52 54 54 83 89 70 86 13 
70 54 80 87 86 12 52 
92 95 81 80 32 49 
63 25 77 89 95 
8 23 54 8 
-1 74 44 
4 19 
56 