25
10 41 32 18 60 89 32 62 76 21 -1 82 77 -1 85 74 47 51 1 4 8 25 50 -1 47 
8 21 6 30 63 54 78 18 42 34 82 61 3 83 74 70 46 47 52 89 44 56 57 42 
60 25 11 90 33 16 -1 52 26 18 -1 16 11 28 4 -1 45 63 62 85 83 25 41 
66 -1 -1 77 30 90 80 73 14 4 15 -1 59 66 57 82 89 49 14 24 6 37 
18 62 86 85 23 16 77 24 29 51 -1 57 32 65 61 62 43 12 71 30 70 
76 40 83 61 57 8 -1 37 82 49 22 -1 60 85 47 53 -1 48 -1 35 
31 86 18 51 15 -1 44 25 45 -1 57 64 30 -1 87 -1 46 36 35 
54 65 12 32 40 24 79 44 13 24 47 42 60 72 35 -1 52 88 
11 8 67 20 12 62 31 78 77 89 23 -1 79 28 84 75 40 
60 67 13 75 81 44 -1 55 1 4 30 88 60 69 81 71 
-1 47 89 63 80 63 80 -1 76 31 77 -1 81 84 22 
-1 19 20 14 76 36 3 42 40 45 66 80 72 81 
2 86 83 53 45 23 55 1 82 27 -1 26 8 
-1 9 -1 23 62 88 45 70 -1 -1 24 71 
51 45 42 53 -1 29 24 24 28 38 27 
3 86 64 78 57 23 22 86 58 74 
11 73 -1 77 55 14 72 62 88 
25 15 31 63 -1 41 17 73 
56 4 90 79 35 56 36 
14 69 39 70 67 31 
17 -1 42 37 14 
26 66 -1 77 
21 18 8 
50 8 
74